2.0000000e+00 1.8244958e+00 -1.3326312e+00 2.1355217e+00 1.8243967e+00 8.8738365e-01 2.4056804e+00 1.8288088e+00 1.8297904e+00 2.0389646e+00 1.6999482e+00
2.0000000e+00 1.3783342e+00 -5.3302641e-01 1.1614692e+00 1.5138664e+00 -6.0264175e-01 -5.3681405e-01 -2.0379163e-01 6.3179684e-01 -3.4931589e-01 -2.2896874e-01
2.0000000e+00 1.4401448e+00 -1.1595694e-01 1.2549689e+00 1.3988347e+00 3.9087094e-01 9.8361041e-01 8.1050961e-01 1.8056862e+00 7.7632512e-01 3.2314234e-02
2.0000000e+00 -2.4133344e-01 9.2435721e-02 -1.8534436e-01 -5.3428772e-01 2.4558433e+00 3.3468623e+00 1.5750013e+00 1.5808335e+00 4.5487016e+00 3.9644802e+00
2.0000000e+00 1.4398049e+00 -1.1362768e+00 1.4627673e+00 1.4124368e+00 6.6133172e-01 5.9142021e-02 9.3755366e-01 1.1006523e+00 -4.1300191e-01 -1.5340716e-01
2.0000000e+00 -2.9898107e-01 -5.8061110e-01 -2.7448724e-01 -3.4640963e-01 1.4807603e+00 1.1371652e+00 7.6319000e-01 5.5380663e-01 9.6453000e-01 1.5395508e+00
2.0000000e+00 8.9659135e-01 -1.0713586e-01 8.8728688e-01 8.8971397e-01 -1.7117528e-01 -1.8068593e-01 1.6649442e-01 5.3852063e-01 -2.1050501e-01 -4.6276015e-01
2.0000000e+00 2.2962307e-01 3.5001967e-01 1.7221091e-01 1.4538979e-02 1.2133470e+00 7.1127352e-01 -6.4194019e-02 4.4716483e-01 3.9766363e-01 1.3328188e+00
2.0000000e+00 -2.7945782e-01 3.4060837e-01 -1.4781096e-01 -3.2832460e-01 1.1426395e+00 1.3452032e+00 8.7323305e-01 8.7251696e-01 1.4876462e+00 9.4791603e-01
2.0000000e+00 -3.6865809e-01 1.4139643e+00 -3.4172648e-01 -3.8907877e-01 1.3130011e+00 3.4286074e+00 2.4147175e+00 9.9039016e-01 9.4886849e-01 4.0024326e+00
2.0000000e+00 3.4991631e-01 7.3362673e-01 2.4553025e-01 2.9462305e-01 -8.8239868e-01 -7.5009713e-01 -6.6633273e-01 -4.3766972e-01 -5.5950977e-01 -3.5969748e-01
2.0000000e+00 5.6404676e-01 -1.6184955e-01 5.6516190e-01 4.6611352e-01 -1.7901975e-02 1.0891515e+00 1.9971608e-01 5.3972089e-01 4.9892798e-01 3.3578363e-01
2.0000000e+00 1.4632782e+00 2.0807503e+00 2.3500693e+00 1.2646736e+00 -8.2781123e-01 2.2531412e+00 1.2692918e+00 2.4294508e+00 1.8414695e+00 2.1978429e+00
2.0000000e+00 2.0024059e-01 3.8515003e-01 2.1421214e-01 9.1222453e-02 -2.7139733e-01 -4.9626778e-02 1.8608501e-01 4.6611071e-01 3.6761806e-01 -9.3429826e-01
2.0000000e+00 -3.5542955e-01 5.7236630e-01 -9.5171683e-02 -3.3471724e-01 8.0736620e-01 2.5194994e+00 1.4494607e+00 1.0508144e+00 6.5051874e-01 2.2972192e+00
2.0000000e+00 7.8955885e-02 1.1504508e+00 2.3468955e-01 -1.6710356e-02 7.7445892e-01 1.5191700e+00 1.1740900e+00 4.5133928e-01 1.2287383e+00 1.5138662e+00
2.0000000e+00 3.2689946e-01 3.6159706e-01 2.5255991e-01 2.1604191e-01 1.1281350e-01 -6.0489934e-01 -1.6309613e-01 2.2834680e-01 -4.6542454e-01 -4.1763313e-01
2.0000000e+00 7.1073124e-01 3.3583024e-01 6.7777874e-01 4.9251074e-01 1.1678624e+00 9.6790252e-01 6.7864766e-01 9.9720818e-01 7.1567272e-01 1.1111769e+00
2.0000000e+00 1.7255172e+00 3.8342002e-01 1.8067334e+00 1.9913305e+00 2.6063679e-01 -3.5707882e-03 6.9342011e-01 1.2109677e+00 -6.3283351e-01 -7.8877063e-01
1.0000000e+00 -2.9835747e-01 -9.8972208e-01 -2.7031970e-01 -3.0628056e-01 3.6177084e-01 -5.1147654e-01 -2.3449155e-01 1.3570776e-01 1.0046045e-01 -6.4101698e-01
1.0000000e+00 -4.8591312e-01 -8.4297366e-01 -4.4266990e-01 -4.6266079e-01 -7.9943147e-02 7.1562269e-02 -4.7831830e-01 -6.5214773e-01 1.8999407e-01 3.9222956e-02
1.0000000e+00 -1.0084028e+00 -1.2202471e+00 -1.0104978e+00 -8.7335051e-01 4.2874589e-01 -7.5263392e-01 -6.7450531e-01 -3.7722907e-01 -2.4994940e-01 7.6369759e-02
2.0000000e+00 2.7957100e-01 -1.0550273e+00 4.0717080e-01 1.3925815e-01 3.2840905e-01 1.9308843e+00 1.4305345e+00 1.6309392e+00 2.4686930e+00 7.1757237e-01
2.0000000e+00 1.9010203e+00 7.7464704e-01 1.6597582e+00 2.1199859e+00 -1.9338510e-01 -2.4146821e-01 -6.2207449e-03 6.8298881e-01 -4.8631942e-01 -8.6175805e-01
2.0000000e+00 1.4254611e+00 2.9087194e-01 1.3671774e+00 1.4752942e+00 9.6633358e-01 3.5677373e-01 5.3256674e-01 8.2263990e-01 3.7065721e-01 1.1443875e-01
2.0000000e+00 1.4690186e+00 -6.0198360e-01 1.5057975e+00 1.1056895e+00 9.6073435e-01 1.3099526e+00 8.0206826e-01 2.1547850e+00 2.2257072e+00 1.4011229e+00
2.0000000e+00 -4.5167443e-02 4.4136103e-01 1.0025451e-01 -1.4145317e-01 2.2092192e-01 1.4848598e+00 6.1905576e-01 1.2169781e+00 1.0288294e+00 1.0983766e+00
2.0000000e+00 1.3109869e+00 5.4271896e-01 1.1941665e+00 1.1125983e+00 3.8654439e-01 -4.3536547e-02 5.7680715e-01 8.1413088e-01 -3.4497626e-01 -4.0104966e-01
2.0000000e+00 4.2788528e-01 9.3887086e-01 6.6488139e-01 3.2428052e-01 5.4362307e-01 1.2641882e+00 9.5324125e-01 7.2516518e-01 6.3101774e-01 2.9223339e-01
2.0000000e+00 8.1889740e-01 -9.0158432e-01 8.8582501e-01 6.3987366e-01 -2.0743243e-01 2.1926080e-01 2.8454198e-02 5.1479234e-01 -2.1859303e-01 -1.5630859e-01
2.0000000e+00 1.4131828e+00 1.0544711e+00 1.4261965e+00 1.3474109e+00 3.9452670e-01 1.0503485e+00 1.3661512e+00 9.9356822e-01 7.2585240e-01 3.1364184e-01
2.0000000e+00 -8.5489122e-02 -2.6146835e-02 2.8245895e-02 -1.9353535e-01 6.3716195e-01 1.1453205e+00 9.2746716e-01 1.5460506e-01 1.6870181e+00 1.9930579e+00
2.0000000e+00 8.2760390e-01 8.2147311e-01 7.5928650e-01 7.0452242e-01 1.1434315e+00 6.0093993e-01 1.3029885e+00 9.3293675e-01 8.8967408e-01 7.1910396e-02
2.0000000e+00 1.2120760e+00 4.7115915e-01 1.1400846e+00 1.2312516e+00 -1.0090595e-02 1.4284922e+00 8.9460907e-01 4.4011422e-01 2.5993187e-01 5.2763811e-01
2.0000000e+00 3.7599854e-01 -3.4466142e-01 3.4623630e-01 3.2838755e-01 4.2608993e-02 1.0769147e+00 5.4508530e-01 4.6273748e-01 8.2344694e-01 8.4089263e-01
2.0000000e+00 5.7333402e-01 1.8017306e-01 5.3287582e-01 4.4321147e-01 2.0295158e-01 4.4977822e-01 6.7811280e-01 4.4364654e-01 1.4574003e+00 -3.9317077e-01
2.0000000e+00 -1.5792989e-01 3.2304869e-01 7.7058035e-02 -1.8134608e-01 9.3852865e-02 4.7728863e-01 7.5410095e-01 2.0338671e-01 4.5093877e-01 2.7791581e-01
1.0000000e+00 -5.7504370e-01 4.5737343e-01 -6.3475164e-01 -5.1237169e-01 -9.7035616e-01 -1.2458366e+00 -8.2646090e-01 -5.0498064e-01 -6.6322112e-01 -8.6246707e-01
2.0000000e+00 9.6645115e-01 1.0198865e+00 7.9251263e-01 4.1667491e-01 -6.3916797e-01 -1.0362077e+00 -8.1976556e-01 -2.0719465e-01 -1.5314135e+00 -1.1578453e+00
2.0000000e+00 -3.4350088e-01 -2.4094849e-01 -2.6660621e-01 -3.3286412e-01 3.5665150e-01 4.3286979e-01 4.2683374e-01 6.5595217e-01 -4.3538347e-01 4.1685110e-01
2.0000000e+00 -2.8899845e-01 1.8979771e-01 -3.4028903e-01 -2.8668683e-01 -1.1031860e+00 -6.5345283e-01 -5.4219277e-01 -5.2903058e-01 -2.5544423e-01 -8.7432293e-01
2.0000000e+00 -7.4031107e-01 8.1202444e-01 -6.4681103e-01 -6.5522072e-01 1.5937583e+00 -2.7905885e-03 2.0766775e-01 1.3077090e-01 -1.4581982e-01 4.0749972e-01
2.0000000e+00 1.7006658e+00 1.1065605e+00 2.1793185e+00 1.3507126e+00 -2.9849361e-01 3.1631424e+00 1.9551174e+00 1.9080301e+00 2.8838990e+00 8.8218865e-01
2.0000000e+00 -4.5371050e-02 -3.4142362e-02 -7.8309732e-02 -1.5444936e-01 2.6628122e-01 4.2383559e-01 8.0125798e-02 1.6353210e-01 5.1434974e-01 5.2349555e-01
2.0000000e+00 -3.4762870e-01 5.8553146e-02 -3.6021047e-01 -3.8850451e-01 -1.2961600e-01 7.4120728e-02 -5.7110791e-02 -2.3642880e-03 -3.2506501e-02 -8.4180774e-02
2.0000000e+00 1.1495176e+00 -7.0235853e-01 1.1014221e+00 1.0304337e+00 7.5736929e-01 1.2155135e+00 1.4551564e+00 1.3508739e+00 7.5131648e-01 4.1933521e-03
1.0000000e+00 -1.3651933e+00 -5.4912805e-01 -1.3416097e+00 -1.0391767e+00 -7.0635927e-02 -7.0312952e-01 -8.0740937e-01 -1.1391674e+00 2.6805138e-01 -2.2949538e-01
2.0000000e+00 -2.7403768e-01 -1.2090910e-01 -2.8642814e-01 -3.0302905e-01 1.0801215e+00 4.2326881e-01 4.7529569e-01 7.0770314e-01 7.9827201e-01 8.4300967e-01
1.0000000e+00 -5.4018433e-01 -9.2641651e-01 -5.3180805e-01 -5.1961852e-01 2.3618043e-01 -3.7557631e-01 -1.3914325e-01 -7.6536966e-01 -5.0191989e-01 -3.0226505e-01
1.0000000e+00 -3.4376077e-01 6.4928626e-01 -3.3811956e-01 -3.4321309e-01 -7.3330506e-01 -5.6638167e-01 -3.6409433e-01 -5.8283089e-02 -1.8601041e-01 -7.7024550e-01
1.0000000e+00 -4.4992271e-01 1.7738859e-01 -5.1603627e-01 -5.1556756e-01 -7.1731317e-01 -9.9477448e-01 -8.7264235e-01 -9.5313597e-01 -4.9558827e-01 -7.7888293e-01
1.0000000e+00 -4.1875632e-01 -5.4128577e-01 -4.1018501e-01 -3.9908025e-01 -1.0906396e+00 -7.3546511e-01 -7.9451804e-01 -6.2600126e-01 -1.1516014e+00 -3.7951091e-01
1.0000000e+00 -6.3982779e-01 -6.7055697e-01 -6.7957914e-01 -5.8077468e-01 -5.6995718e-01 -1.0278577e+00 -7.8480516e-01 -7.7200838e-01 -1.7308672e-02 -4.0870379e-01
2.0000000e+00 1.2019566e+00 9.7762794e-02 9.9721235e-01 1.0453683e+00 2.4466919e-02 3.0384617e-01 3.1298682e-01 4.4241799e-01 6.5619793e-01 1.0683037e-01
2.0000000e+00 1.0456681e-01 3.0656843e-01 4.9385383e-02 6.5984261e-02 -3.0505373e-01 -5.9756749e-01 -3.2869870e-01 -7.8263849e-02 -7.4694565e-01 -6.5094934e-01
1.0000000e+00 -5.8011729e-01 -3.7183652e-01 -6.2118485e-01 -5.7619043e-01 7.3022139e-03 -9.7982051e-01 -7.3810793e-01 -6.5489108e-01 8.2012202e-01 -6.0473881e-01
2.0000000e+00 1.5503276e+00 6.3434185e-02 1.4095097e+00 1.6680865e+00 5.8610610e-01 3.0153113e-01 3.4008407e-01 1.0260824e+00 3.8972939e-01 -3.1885434e-01
2.0000000e+00 1.8663278e-01 4.1064671e-01 1.1132625e-01 6.1572579e-02 1.0029046e-01 6.3090143e-01 2.3960797e-01 6.7692675e-01 5.9629239e-01 7.3564898e-01
1.0000000e+00 -2.4415898e-01 -1.8618106e-01 -3.4222472e-01 -3.2544807e-01 -7.6614169e-01 -1.1422313e+00 -1.1459067e+00 -1.3225837e+00 -1.8522735e-01 -8.5841867e-01
1.0000000e+00 -1.2882412e+00 -1.5249991e+00 -1.2872086e+00 -9.9773177e-01 9.6661502e-01 -8.8064155e-01 -6.6741828e-01 -1.0382971e+00 3.0065938e-02 4.1838286e-01
1.0000000e+00 -6.0388768e-01 -6.5307602e-01 -6.7422254e-01 -6.6710112e-01 3.8563335e-01 -7.4977938e-01 -9.9464980e-01 -9.5530325e-01 2.3465210e+00 5.2434494e-01
1.0000000e+00 -1.0427500e+00 7.1924471e-01 -1.0225994e+00 -9.2703970e-01 1.6667632e+00 -1.5761494e-01 -5.5833976e-01 -9.1886973e-01 5.8414655e-01 5.2534447e-03
2.0000000e+00 4.6734111e-01 4.6085479e-01 5.9232561e-01 1.8745781e-01 9.2767647e-01 2.2347098e+00 1.6035436e+00 1.0090686e+00 -6.3809718e-03 1.3109739e+00
1.0000000e+00 -8.9551828e-01 -1.3723586e-01 -9.0624076e-01 -8.3113649e-01 -7.6264621e-01 -3.0680639e-02 -2.0882255e-01 -3.5099108e-01 1.7126304e+00 5.9606368e-01
2.0000000e+00 -5.5902710e-02 7.5246973e-01 -7.2282036e-02 -1.7170046e-01 1.2284842e+00 4.7871224e-01 2.8475944e-01 5.1929312e-01 2.0449943e-01 4.7596546e-01
2.0000000e+00 7.6525133e-02 8.1817659e-01 7.8777494e-02 1.4180953e-03 9.3068773e-01 4.1605568e-01 1.1028895e-01 5.9558136e-01 3.3643307e-01 2.0025167e-01
1.0000000e+00 -1.0504396e+00 9.3305534e-01 -1.0358789e+00 -8.7935918e-01 9.0505718e-01 -5.0212066e-01 -7.2855197e-01 -6.7538940e-01 -3.6704236e-02 4.9916135e-01
1.0000000e+00 -6.9800257e-01 -2.8477367e-01 -7.3824076e-01 -6.5247835e-01 -1.5533156e-01 -1.0103102e+00 -5.4524951e-01 -6.1033032e-01 -5.7782894e-01 -8.2137140e-01
1.0000000e+00 -9.8757567e-01 -3.3015061e-01 -1.0320660e+00 -8.7534421e-01 7.5291294e-01 1.7485298e+00 5.5103683e+00 1.4204722e+00 1.9448828e+00 2.1811791e+00
1.0000000e+00 -5.2402474e-01 -7.4619519e-01 -5.9009523e-01 -4.9670871e-01 1.0813610e-01 -1.0880359e+00 -6.6518986e-01 -6.2696721e-01 -4.6828452e-01 -9.0091717e-01
2.0000000e+00 1.5101593e+00 -4.7896793e-02 1.4488141e+00 1.4364402e+00 -6.2826518e-01 -2.1981120e-01 -2.6946627e-02 6.9228679e-01 -7.3774512e-01 -9.8480449e-01
1.0000000e+00 -8.0158290e-01 -1.1244084e+00 -8.4954807e-01 -8.4813663e-01 9.9430037e-01 1.5559938e+00 5.6858759e-02 -1.9538635e-01 -4.2319200e-02 4.0142143e+00
2.0000000e+00 1.0008006e+00 7.4135999e-01 8.8388910e-01 9.4292474e-01 5.0092695e-01 2.0972120e+00 1.0686625e+00 6.1612596e-01 1.4993654e-01 1.3364042e+00
2.0000000e+00 -1.6237573e-01 -8.9361226e-01 -1.4096414e-01 -2.3164541e-01 -2.7701359e-02 2.7141895e-01 -1.9461122e-01 -4.5640966e-03 -6.8689151e-01 4.0339198e-01
1.0000000e+00 -5.0717036e-01 -4.6479196e-01 -5.3552744e-01 -4.8383425e-01 -5.6888156e-01 -5.1187521e-01 -5.4412835e-01 -5.7455575e-01 -5.3367129e-01 -5.0592573e-01
2.0000000e+00 8.3729529e-01 -1.5416461e-01 7.3731656e-01 6.4038022e-01 5.6651296e-01 -2.9674450e-01 8.8668718e-02 6.8023012e-01 -3.5530085e-01 -1.0236743e+00
1.0000000e+00 -2.0173210e-01 -1.4861742e+00 -2.4892974e-01 -3.0828355e-01 1.6692629e+00 -1.9023260e-01 -6.0661789e-01 -2.5499896e-01 8.2580245e-01 2.4707768e-01
2.0000000e+00 1.4861527e+00 -1.0138706e+00 1.3813932e+00 1.4530641e+00 5.6591095e-01 1.9651768e+00 6.6561650e-01 1.4745970e+00 1.0893784e+00 1.0927871e+00
2.0000000e+00 1.6966196e+00 1.0951419e+00 2.2904016e+00 1.5523181e+00 1.5965378e+00 3.0893993e+00 2.8457803e+00 2.4139841e+00 5.0584606e+00 1.4462623e+00
1.0000000e+00 -4.2808146e-01 -2.2026245e-01 -4.5279169e-01 -4.3891445e-01 -1.7422639e-01 -3.0648326e-01 -4.9093603e-01 -5.9654207e-01 -3.0318297e-01 -3.4103748e-01
1.0000000e+00 -5.6786625e-01 1.0611007e+00 -6.0521697e-01 -5.6379184e-01 1.0391271e+00 -4.0832506e-01 -4.0079982e-01 -7.3129029e-01 -1.3400027e-01 4.4984318e-01
1.0000000e+00 -2.6893077e-01 -5.2251609e-01 -4.0012118e-01 -4.8434292e-01 5.5416020e-01 9.7866337e-01 5.4658613e-01 5.7531940e-01 5.2857511e-01 7.2202432e-01
2.0000000e+00 2.5900302e+00 1.0226259e+00 2.8740741e+00 2.7290525e+00 7.2509237e-01 2.3595624e+00 1.9068914e+00 2.4989939e+00 -6.7239978e-01 8.9262003e-01
2.0000000e+00 8.8802385e-01 1.9492838e+00 1.3320638e+00 8.9318826e-01 7.5218460e-01 1.1828914e+00 2.7600744e-01 1.5538490e+00 -1.2988088e-01 1.4270509e+00
1.0000000e+00 -5.9504243e-01 -3.0144187e-01 -6.3478306e-01 -5.6112928e-01 -2.0579978e-02 -4.5802619e-01 -4.0132910e-01 -7.1261558e-01 5.5010863e-01 -3.8401886e-01
2.0000000e+00 1.2243004e+00 2.0513468e-01 1.1622997e+00 1.1168791e+00 1.0170512e-01 -2.5758441e-01 2.1428290e-01 7.1727848e-01 9.4564567e-01 -9.2766604e-02
2.0000000e+00 4.7625942e-02 9.6897091e-01 1.1439407e-01 -5.9105143e-02 1.8728431e-01 -6.9852563e-02 4.7365622e-01 3.5838246e-01 5.3164967e-01 -6.5908209e-01
2.0000000e+00 1.2091301e+00 3.3344624e-01 8.9663418e-01 9.6123351e-01 -6.0525195e-01 1.1187976e-01 7.8532197e-01 7.1264295e-01 7.0469338e-01 -2.0020971e-01
1.0000000e+00 -4.6485928e-01 6.2896295e-01 -4.3365190e-01 -5.0040010e-01 -2.2583662e-01 -8.9584273e-02 -2.1969037e-01 -7.3897516e-03 1.4364921e-01 3.0298759e-01
1.0000000e+00 1.8134662e-01 -1.0079141e+00 2.2984262e-01 -3.0174178e-02 1.6091345e-01 6.4987559e-01 1.6438163e-01 5.5385853e-01 6.5582133e-01 1.7768136e-01
1.0000000e+00 -4.1310947e-03 4.8924547e-01 -1.0446011e-01 -8.5881941e-02 -7.0342811e-01 -4.1613317e-01 -7.5873810e-01 -5.6799532e-01 -3.4592170e-01 -5.2139718e-01
2.0000000e+00 1.7739513e-02 5.0899404e-02 -1.5150296e-02 -3.9529754e-02 1.1480678e-01 -1.3972459e-01 2.6606116e-01 7.0567867e-01 -1.3285578e-01 -5.8414330e-01
1.0000000e+00 -7.4257453e-02 -5.7058311e-01 -1.5390658e-01 -1.5635631e-01 -1.2897564e+00 -8.9772891e-01 -6.5694951e-01 -3.1933807e-01 -1.3867854e+00 -1.1562845e+00
1.0000000e+00 -2.7737111e-01 3.1932434e-02 -2.9631151e-01 -3.1163872e-01 3.2347147e-02 -5.0809214e-01 -5.6534405e-01 -4.9314177e-01 -4.0011782e-01 -8.4955331e-01
2.0000000e+00 3.0982407e-01 -1.8932174e-01 4.1421216e-01 1.8259171e-01 7.5646303e-01 8.9143266e-01 9.2201490e-01 1.1921120e+00 -2.0769599e-01 -6.2320395e-02
2.0000000e+00 1.5534122e+00 7.8777275e-01 1.3185487e+00 1.4355128e+00 -4.4160697e-01 5.5561436e-01 5.7677648e-01 5.9098202e-01 1.0132136e+00 -2.2528687e-01
1.0000000e+00 -4.6875796e-01 -1.9278139e-01 -5.1935229e-01 -5.3560998e-01 -2.5398390e-01 -8.0907176e-01 -8.5055427e-01 -2.6737852e-01 -1.8886719e-01 -6.9071341e-02
1.0000000e+00 -8.6456464e-01 5.8334735e-01 -9.1286099e-01 -7.9191682e-01 5.8639652e-01 -8.6465378e-01 -1.0393892e+00 -1.1671523e+00 -1.1853164e+00 6.3401592e-01
1.0000000e+00 -6.6972427e-01 -1.3725104e+00 -7.1286410e-01 -6.2570362e-01 -9.6771524e-02 -5.5731136e-01 -4.8932172e-01 -5.5102830e-01 -4.6537065e-01 5.2743280e-02
2.0000000e+00 -1.0725290e-01 7.0210800e-01 -2.4160981e-02 -1.4240796e-01 2.9143535e-01 2.2882212e-01 1.1131008e-01 4.2620297e-01 -2.5557205e-01 3.1197936e-01
2.0000000e+00 6.2534110e-02 1.0063401e+00 -4.1351113e-02 -3.2694856e-02 -2.5075845e-01 -4.4608072e-01 8.8789321e-04 -1.1677559e-01 -6.1907660e-01 -5.5897496e-01
1.0000000e+00 -1.4700253e+00 -6.1158274e-01 -1.4426232e+00 -1.1160026e+00 1.2198870e+00 -7.3804263e-01 -1.1594014e+00 -1.6401100e+00 4.0499890e-01 9.4773427e-01
1.0000000e+00 -6.4252719e-01 6.9842282e-01 -7.0542014e-01 -5.6916175e-01 -8.9614866e-01 -1.1163454e+00 -7.5841807e-01 -7.4324961e-01 -4.4494558e-01 -8.5028300e-01
1.0000000e+00 -1.0532982e+00 7.4246577e-02 -9.5340726e-01 -8.5191026e-01 6.6616423e-01 -1.6313517e-01 -1.4425994e-01 -2.8360589e-01 -1.6769181e-01 9.2282765e-03
1.0000000e+00 -7.3115219e-01 6.3335714e-02 -7.5832610e-01 -7.0838504e-01 -7.6749891e-03 -4.0256933e-01 -5.8802744e-01 -9.0852072e-01 7.1769425e-01 -1.0390947e-01
2.0000000e+00 -1.1078200e-01 -6.4442980e-01 -1.4914692e-01 -1.9112564e-01 1.8304988e+00 8.5370594e-01 1.3318384e+00 9.4387426e-01 6.6057286e-02 2.1284642e+00
1.0000000e+00 -5.7078650e-01 3.8623119e-01 -5.6394325e-01 -5.8469138e-01 1.1220895e+00 -3.6104309e-02 -7.8588296e-02 3.3627039e-02 -2.6147139e-01 2.4895744e-01
1.0000000e+00 -7.1616029e-01 -1.5476340e-01 -7.2632569e-01 -6.0373734e-01 -8.7728711e-01 -6.3113644e-01 -6.1005118e-01 -7.4594559e-01 -5.3493042e-01 -6.3194890e-01
2.0000000e+00 2.5825209e+00 3.5458643e-01 3.0089188e+00 2.6275569e+00 1.3525573e+00 3.1741620e+00 3.3110088e+00 2.7452176e+00 1.9552468e+00 7.7295104e-01
1.0000000e+00 -6.9430130e-01 2.0178936e-01 -7.0804431e-01 -6.3284516e-01 5.7059447e-01 -5.0187856e-01 -1.7563470e-01 -7.0874173e-01 -6.2998970e-01 3.2407416e-02
1.0000000e+00 -7.7472902e-01 -2.8147623e-01 -7.7752987e-01 -7.7478438e-01 1.1401100e+00 -2.2156939e-01 -4.6928650e-01 -6.6337375e-01 1.9794705e-02 4.9091520e-01
1.0000000e+00 -4.2015484e-01 4.5729570e-01 -3.4171085e-01 -5.1800657e-01 6.6898165e-01 3.2091501e-01 2.0445707e-01 6.7932555e-01 -4.2088155e-01 6.5458580e-01
1.0000000e+00 -1.0531363e-01 8.7448274e-02 1.6581865e-01 -2.0554481e-01 -1.2469747e+00 2.0139586e+00 2.7680822e+00 1.0335111e+00 -1.9553812e-01 2.3098305e+00
1.0000000e+00 -7.8123491e-01 2.9990892e-01 -8.0039156e-01 -7.5044305e-01 8.7882786e-01 2.8271690e-01 -1.7387534e-01 -2.3004974e-01 -5.0928144e-02 1.2043805e+00
1.0000000e+00 -1.2569118e+00 -9.7844132e-01 -1.1703173e+00 -9.8137460e-01 1.1626688e+00 -2.4132592e-01 -2.3352454e-01 -3.7942680e-01 -3.2402721e-01 9.6880560e-01
1.0000000e+00 -4.9976940e-01 2.1546041e-02 -5.5069185e-01 -4.9344530e-01 3.7360803e-01 -2.0136895e-01 -5.7695853e-01 -6.8270548e-01 -7.1326979e-01 -5.7755130e-03
1.0000000e+00 -1.0739870e+00 -8.8491170e-01 -8.2400911e-01 -9.1777514e-01 1.0039116e+00 7.7008330e-01 4.9894515e-01 1.4697584e-03 -1.1568560e+00 5.2084161e-01
2.0000000e+00 2.7147835e-01 -2.7337042e-01 3.0885094e-01 1.5800002e-01 1.2743757e+00 7.9619846e-01 6.3289965e-01 8.4312778e-01 6.0679060e-01 6.5856294e-01
2.0000000e+00 6.0375226e-01 4.5500847e-01 5.3804798e-01 4.8459171e-01 1.4146151e+00 1.2188657e+00 1.5672241e+00 9.5882866e-01 3.2166016e-01 1.5348012e+00
2.0000000e+00 8.3442563e-01 1.7100662e-01 6.0406462e-01 6.3352143e-01 -9.9572991e-01 -8.3653277e-01 -2.4132657e-01 -2.4224294e-02 2.6492018e+00 -1.2534044e+00
1.0000000e+00 -8.1339689e-01 -1.6412091e+00 -7.8023365e-01 -6.7419527e-01 1.5414746e-01 -4.5900900e-01 -5.0894561e-01 -6.1062689e-01 -4.0049672e-01 -2.5541401e-01
2.0000000e+00 1.2120562e+00 9.7431228e-03 1.1175503e+00 1.1595184e+00 5.9434759e-01 -1.0085345e-01 3.4297084e-01 8.2020929e-01 1.8051100e-01 7.7525317e-02
2.0000000e+00 2.9593874e+00 1.1300178e+00 2.8956532e+00 3.1603238e+00 3.5006944e+00 2.8649453e+00 2.9672426e+00 2.2159395e+00 2.2056831e+00 9.7759324e-01
1.0000000e+00 -1.3907609e-01 -1.3955617e+00 -1.6735327e-01 -2.1102765e-01 -4.7806491e-02 -3.6184082e-01 -6.1447404e-02 1.2524332e-01 -1.0538555e-02 -1.3844898e-01
1.0000000e+00 -5.0065041e-01 -4.3029545e-01 -5.0332572e-01 -4.3003743e-01 -1.1591418e+00 -6.4334987e-02 2.5611950e-01 -3.8243937e-01 -1.2755499e+00 -3.2199625e-01
1.0000000e+00 -3.0461668e-01 -4.9333291e-01 -3.4380781e-01 -3.1786737e-01 -7.1678219e-01 -8.2825194e-01 -8.6932680e-01 -1.0226592e+00 -8.5574309e-01 -6.7128767e-01
2.0000000e+00 -2.1566093e-01 8.3156647e-01 -1.8265753e-01 -2.4709240e-01 -2.0254243e-01 -3.4604098e-01 -1.3267797e-01 -3.2832274e-01 -4.9751857e-02 -4.5588918e-01
2.0000000e+00 1.2211652e+00 4.9102180e-02 1.2257788e+00 1.1431375e+00 -1.0692456e+00 -1.7695666e-01 1.8795890e-01 1.9779021e-01 1.2153666e-01 -1.0661472e+00
1.0000000e+00 1.1205169e-01 -7.1376289e-01 7.9423639e-02 -5.4188410e-02 7.5156555e-01 8.5954732e-01 -1.5594281e-02 1.0367892e+00 1.8347750e-01 1.2469278e-01
2.0000000e+00 1.0835976e+00 8.7042927e-01 9.2241361e-01 1.0929390e+00 -1.7233408e-01 7.4179853e-01 1.3384292e+00 7.9083073e-01 5.0087562e-01 -1.3777445e-01
1.0000000e+00 -6.3183561e-01 -1.1346762e+00 -4.8200958e-01 -5.6932758e-01 3.6409019e-01 -6.6564652e-02 -7.6884893e-01 -5.3914024e-01 6.3494336e-01 2.9060621e-01
2.0000000e+00 4.1578329e-01 -2.2834648e-01 3.4634806e-01 3.0898445e-01 5.4042465e-01 -1.1625774e-01 3.7126760e-01 4.1462933e-01 -1.5435074e-01 -4.6615471e-01
2.0000000e+00 4.4710287e-01 5.2951376e-01 4.1453816e-01 3.4389721e-01 -3.0929821e-02 1.4962740e-01 8.1756113e-04 7.5244580e-03 5.2677836e-01 -5.0624705e-01
1.0000000e+00 1.2234354e-01 -1.0073509e+00 6.0082340e-02 3.5079263e-02 -3.9107710e-01 -3.7970219e-01 -4.0204513e-01 2.5299339e-01 -2.4600139e-01 -6.9228070e-01
2.0000000e+00 1.0701738e+00 5.0437146e-01 9.1676344e-01 1.0194212e+00 4.2056088e-02 -3.1229738e-01 2.7274502e-01 1.4314197e-01 -2.6018893e-01 -6.0658729e-01
2.0000000e+00 -4.5399343e-01 7.6293802e-01 -5.2435459e-01 -4.2397664e-01 5.2335445e-02 -7.6214354e-01 -3.5636562e-01 -4.5171885e-01 -4.7884154e-01 -3.0899428e-01
1.0000000e+00 -3.7912557e-01 5.6695251e-01 -3.8166192e-01 -4.5867776e-01 7.8893292e-02 -8.1284615e-01 -5.4758957e-01 -3.5620556e-01 -1.4968079e+00 -3.6351696e-01
1.0000000e+00 -8.0378945e-01 -6.3590870e-01 -8.1530567e-01 -6.9001841e-01 -4.0664268e-01 -6.0495094e-01 -6.3058610e-01 -4.9760631e-01 -4.3894304e-01 -7.7525908e-01
2.0000000e+00 1.3070540e+00 -2.2172364e-01 1.1236864e+00 5.2671727e-01 9.3887147e-01 2.5862400e-01 7.4810414e-01 1.4619699e+00 1.7104007e+00 -3.7505377e-01
1.0000000e+00 -6.5010229e-01 -9.1911478e-01 -7.3305954e-01 -6.2046499e-01 1.0085791e+00 8.2697442e-02 -5.8507995e-01 2.7177726e-01 -6.7156609e-01 -4.4017540e-01
1.0000000e+00 -1.0537699e+00 -1.6321621e+00 -1.0982627e+00 -8.6833065e-01 -3.3384603e-01 -1.1556941e+00 -1.1594014e+00 -1.6401100e+00 3.1125913e-01 -5.0267452e-02
2.0000000e+00 8.0030580e-01 -4.8624272e-02 6.7118729e-01 6.0386789e-01 -2.4106178e-02 -1.1950917e-01 2.3018642e-02 1.1904919e-01 -7.0887715e-02 -1.0421352e-01
1.0000000e+00 -6.4162401e-01 3.2320785e-01 -6.4894442e-01 -6.0382177e-01 3.9319856e-01 -3.7049172e-01 -8.2315376e-01 -6.4042035e-01 -2.8165859e-01 4.4309474e-02
1.0000000e+00 -4.6932519e-01 -7.4027775e-01 -4.0740370e-01 -4.4781426e-01 -4.3535749e-01 -2.4077490e-01 -4.5347014e-01 -4.5089397e-01 3.2874608e-01 -3.1279686e-01
1.0000000e+00 -8.0155102e-01 -5.9076091e-01 -7.9305546e-01 -7.0721124e-01 -8.5400627e-01 -7.5718343e-01 -6.8616155e-01 -1.0957326e+00 -9.8078240e-01 -7.6082216e-01
1.0000000e+00 -4.3696474e-01 -1.1980251e+00 -3.7323155e-01 -5.4019402e-01 9.4117395e-01 5.6271336e-01 -5.4524622e-01 -4.7507275e-01 5.6243680e-01 1.8094570e+00
2.0000000e+00 -4.9774051e-01 -4.5548916e-02 -4.2696141e-01 -4.9511775e-01 2.1246286e-01 9.4548127e-01 7.6898004e-01 9.4052616e-01 4.0461519e+00 9.7353849e-01
1.0000000e+00 9.6807512e-02 3.6704040e-01 1.4582750e-01 -1.5375567e-02 -9.7171505e-01 5.0740677e-01 2.0523950e-01 -8.1603700e-02 4.1680532e-01 9.5554119e-01
1.0000000e+00 -1.9732280e-01 -9.2384487e-01 -8.2341679e-02 -2.2098507e-01 -8.0343484e-02 -2.0095832e-02 3.6172487e-02 4.5437216e-01 -4.6199291e-01 -3.8510043e-01
1.0000000e+00 -2.8748796e-01 -5.5952160e-01 -3.6620862e-01 -2.9526641e-01 -1.3835937e+00 -5.8681058e-01 -5.9198926e-01 -9.0522700e-01 -1.0017923e+00 -8.1501583e-01
1.0000000e+00 -2.3423474e-01 9.4124757e-02 -2.7823623e-01 -3.2383122e-01 3.6492739e-01 -7.4647923e-01 -6.8302493e-01 -4.6971167e-01 1.4075718e+00 -7.3824839e-01
1.0000000e+00 -1.3094261e+00 7.7949717e-01 -1.2874629e+00 -1.0181227e+00 9.9158533e-01 1.0743498e+00 1.1108396e+00 -5.0120998e-01 8.2941062e-01 3.1372834e+00
1.0000000e+00 -2.7406072e-01 2.3298698e-01 -5.4750616e-01 -5.5952472e-01 6.4741401e-01 1.7108112e+00 6.2504015e+00 2.6871500e+00 1.6099918e+00 5.4841169e+00
1.0000000e+00 -7.9388548e-01 -1.2539768e+00 -8.3471890e-01 -6.9880254e-01 2.7307334e-01 -9.9234026e-01 -8.3047163e-01 -7.6198764e-01 1.3456054e-01 -6.5664912e-01
1.0000000e+00 -3.5742529e-01 -8.4391619e-01 -3.5943187e-01 -3.5776822e-01 3.3715124e-01 -2.8197949e-01 4.7466201e-02 -3.3158809e-01 8.1246200e-01 -3.0171963e-02
1.0000000e+00 -5.8543858e-01 -2.7136294e-01 -6.2127970e-01 -5.4461393e-01 -5.5807073e-01 -5.8089222e-01 -4.6571123e-01 -5.9448894e-01 2.0419253e-01 -2.3824651e-01
2.0000000e+00 1.1149117e+00 1.9247621e-01 1.0449540e+00 9.3259993e-01 7.1874207e-01 1.0435158e+00 7.6528342e-01 1.0304884e+00 -1.5358511e-01 -2.7130992e-02
1.0000000e+00 4.8017533e-01 6.5301621e-01 4.5619682e-01 3.4833331e-01 -1.5716547e+00 -3.5832449e-01 -3.0515021e-01 -3.7351185e-01 -3.7775658e-01 -1.2125445e+00
1.0000000e+00 -6.7996457e-01 -1.1978701e+00 -7.1758199e-01 -5.9801394e-01 -3.1635787e-01 -8.9826151e-01 -8.4657004e-01 -7.7559476e-01 -7.1607789e-01 -4.2735463e-01
1.0000000e+00 -7.2379908e-01 -1.1723067e+00 -7.8404150e-01 -6.7356576e-01 -8.2614108e-01 -1.1479339e+00 -1.0965400e+00 -1.1894766e+00 -7.0597847e-01 -5.2717424e-01
1.0000000e+00 -3.1238658e-01 3.8594793e-01 -2.2518393e-01 -4.3480541e-01 6.1339535e-01 -1.0292494e-01 -9.9672920e-02 -2.9440795e-01 9.0678724e-01 1.6620738e-01
2.0000000e+00 1.5925677e+00 -1.0396121e+00 1.5393032e+00 1.4151551e+00 -2.5245576e-01 7.2258340e-02 1.8203476e-01 1.6036929e+00 1.1187795e-01 -9.7210862e-01
2.0000000e+00 1.6377363e+00 -1.5183026e-01 1.5211380e+00 1.7380210e+00 2.0647113e-01 6.1921875e-01 1.4245308e+00 1.3105949e+00 5.1376213e-01 -5.5384684e-04
1.0000000e+00 -4.8749849e-01 6.5588631e-01 -5.1432064e-01 -5.1023218e-01 7.7998733e-01 5.5501435e-02 -3.1934110e-01 -3.6789219e-01 -7.2910983e-01 5.5020185e-01
2.0000000e+00 1.9876206e+00 1.3318996e-01 1.8761106e+00 2.2914146e+00 -6.6055777e-01 2.8406816e-01 3.3794249e-01 1.2623416e+00 3.1857500e-01 -2.0396724e-01
1.0000000e+00 -2.0626715e-01 -4.7603358e-02 -2.6150345e-01 -1.9802439e-01 -1.0740102e+00 -9.7419579e-01 -8.6260285e-01 -8.3357118e-01 -5.5091902e-01 -1.1924902e+00
1.0000000e+00 -9.1686176e-01 -1.9745612e+00 -9.3926523e-01 -7.6687940e-01 2.3948220e-01 -8.6118740e-01 -7.6458049e-01 -9.7153977e-01 -1.2842318e+00 -2.8284854e-01
2.0000000e+00 7.4530410e-01 1.0114420e-01 6.7906809e-01 6.3974950e-01 -5.1239138e-01 -1.8342729e-01 -1.4601838e-01 5.4070864e-01 6.4938887e-02 -6.0595338e-01
2.0000000e+00 1.6122236e+00 8.9605623e-01 1.5460291e+00 1.3704009e+00 1.8268384e-01 8.2883491e-01 1.0394051e+00 9.7851652e-01 -1.0994094e+00 3.7459984e-01
1.0000000e+00 -9.2265562e-02 -3.2671839e-01 -1.2862080e-01 -1.3927266e-01 -3.2330158e-01 -5.7249561e-01 -8.6377799e-01 -3.9378477e-01 -5.9058353e-01 -9.2422658e-01
1.0000000e+00 -5.6577494e-01 -1.4134191e+00 -5.7895077e-01 -5.4311237e-01 3.5391612e-01 -7.4366872e-01 -6.0791745e-01 -1.7433360e-01 8.7026699e-02 -6.4840735e-01
2.0000000e+00 1.2971102e-01 2.1174387e-01 5.4102209e-02 3.8490327e-03 -1.4185558e-01 -7.4987052e-01 -2.5368706e-01 -2.4516719e-01 -4.8461804e-01 -7.1968740e-01
2.0000000e+00 3.1909642e-01 -1.3806247e+00 3.1063703e-01 2.3905018e-01 8.1580171e-01 5.0152716e-01 1.0988896e+00 9.4411231e-01 2.5204324e-01 7.3500801e-01
1.0000000e+00 -8.6610473e-01 -4.8031954e-01 -8.9445859e-01 -7.0708091e-01 8.2315042e-01 -7.4029289e-01 -8.3694406e-01 -3.4354500e-01 -4.2269955e-01 1.0897488e-01
1.0000000e+00 -7.4405204e-01 -2.4442606e-01 -7.9161138e-01 -7.0079773e-01 -3.7634893e-01 -1.0677222e+00 -1.1594014e+00 -1.6401100e+00 5.2742775e-01 -9.0818171e-01
1.0000000e+00 -1.2225374e+00 -1.1040315e+00 -1.2372113e+00 -9.8209143e-01 -1.1760649e-01 -1.1040206e+00 -1.1594014e+00 -1.6401100e+00 -1.0494703e-02 5.9037044e-02
1.0000000e+00 -7.1440370e-01 4.6622573e-01 -6.7136703e-01 -7.1581455e-01 6.2837357e-01 1.4109419e+00 1.2680143e+00 5.1249603e-01 4.0867159e-01 3.2444295e+00
2.0000000e+00 2.0374051e-01 2.5475259e-01 3.3581027e-01 1.6356875e-01 1.3367912e-01 1.0623245e+00 1.1220247e+00 1.1353461e+00 -8.9033115e-02 3.2762602e-01
1.0000000e+00 -5.4161102e-01 3.6348435e-01 -6.1744095e-01 -4.7172913e-01 -1.9525027e+00 -1.4357974e+00 -1.1223412e+00 -1.4770547e+00 -1.0117551e+00 -1.3218739e+00
1.0000000e+00 -4.4676998e-01 -1.1376339e+00 -5.3030904e-01 -4.5610245e-01 -2.8314829e-01 -1.2005235e+00 -1.0085201e+00 -9.2269315e-01 -1.4226208e+00 -3.2399953e-01
2.0000000e+00 2.9211110e+00 7.4925334e-01 2.8522172e+00 3.5287511e+00 2.5825546e-01 8.6418667e-01 1.2396858e+00 2.0099038e+00 -2.3168941e-01 -4.3074333e-01
2.0000000e+00 1.6480448e+00 7.1373093e-01 1.6394107e+00 1.6317042e+00 3.5550901e-01 2.6108225e+00 1.3935927e+00 1.9668522e+00 1.2521772e+00 1.5386995e+00
2.0000000e+00 3.7157730e-01 4.2643480e-01 2.6964191e-01 3.3822186e-01 -1.4563347e-01 5.6616712e-02 -2.0344179e-01 1.1628012e-01 -1.5117046e-01 -4.7373111e-01
1.0000000e+00 -6.1154491e-01 -8.3779512e-01 -6.9165197e-01 -6.1081326e-01 -3.9804174e-01 -1.2187276e-01 1.6562789e-02 -1.9187930e-01 -1.3274443e+00 -8.3678869e-02
2.0000000e+00 -2.5543250e-02 -6.6446640e-02 -9.0796980e-02 -4.5569074e-02 -5.8729692e-01 -4.8959585e-02 -1.5788929e-01 -4.1239116e-01 -3.1115382e-01 1.1822250e-01
1.0000000e+00 -6.6357502e-01 -5.3739322e-01 -7.3445051e-01 -6.8177639e-01 1.0173654e+00 -9.3672853e-01 -1.1240011e+00 -1.4365693e+00 8.0448448e-02 -2.7933708e-01
2.0000000e+00 5.6651821e-01 -4.6622040e-01 5.0964733e-01 5.9253747e-01 -8.4356541e-01 -4.4852121e-01 -9.5682535e-02 2.0439157e-02 -4.6500704e-01 -1.0143859e+00
1.0000000e+00 -6.4640004e-01 -6.6855344e-01 -6.4964238e-01 -5.9765548e-01 1.6617759e-02 -9.0233339e-01 -5.3814536e-01 -1.6309173e-01 -6.0050436e-01 -5.9478431e-01
1.0000000e+00 -7.3852675e-01 3.2510067e-01 -8.1031787e-01 -6.3311539e-01 2.3794687e-01 -9.4605026e-01 -7.4817881e-01 -9.5063457e-01 4.8524624e-01 -7.9990298e-01
1.0000000e+00 -5.7537574e-01 -8.2398891e-01 -5.7959736e-01 -5.3837074e-01 -8.1792544e-01 -4.5280015e-01 -5.3698977e-01 -9.0568065e-01 -4.1361347e-01 -1.0275329e+00
2.0000000e+00 -1.7112416e-01 1.4616598e+00 -1.0001268e-01 -1.7509991e-01 6.7333203e-01 4.3516175e+00 2.3157275e+00 7.2909399e-01 3.1526378e+00 2.7160782e+00
1.0000000e+00 8.9724026e-02 3.6751843e-01 5.4080948e-02 -2.1861499e-01 -1.0472663e+00 -7.3210741e-01 -7.0573236e-01 -2.0160029e-01 -1.0474133e-04 -1.5748018e-02
1.0000000e+00 -9.1388379e-01 1.8723416e+00 -9.8076918e-01 -8.2246262e-01 -2.1234279e+00 -1.3415204e+00 -1.1594014e+00 -1.6401100e+00 -2.3669748e-02 -5.2568771e-01
2.0000000e+00 -2.1179261e-01 1.6869758e+00 -2.4073324e-01 -2.7695741e-01 1.0696325e+00 8.9596769e-01 4.1820437e-01 2.0691395e-01 2.5822259e-01 1.2224662e+00
2.0000000e+00 -9.4764760e-02 2.6422912e-01 3.4795879e-01 -1.5154570e-01 2.9504863e-01 1.5176580e+00 8.9816810e-01 1.0179004e+00 1.6078140e-01 3.0714537e-01
1.0000000e+00 -5.3397669e-01 -6.1560692e-01 -5.1950506e-01 -4.7567363e-01 -9.2699627e-01 -7.1897620e-01 -4.5869750e-01 -5.6249707e-01 6.3981658e-03 -7.6372133e-01
2.0000000e+00 2.3188421e-01 1.2264155e+00 3.6130416e-01 -3.7069341e-02 1.9157428e+00 4.1316801e-01 5.4493705e-01 8.8397143e-01 3.8008707e-01 5.2000114e-01
2.0000000e+00 8.9311315e-01 1.9809246e-01 8.0459271e-01 8.1769455e-01 -1.3502968e+00 2.7586024e-01 3.8289182e-01 1.0343597e-01 -3.0278739e-01 -6.2683983e-01
2.0000000e+00 1.0045352e+00 5.0771309e-01 1.2345638e+00 1.0424248e+00 -4.3505400e-01 1.1057422e+00 2.2396383e-01 4.6924049e-01 -1.5469431e-01 -2.5227435e-01
2.0000000e+00 -6.2964264e-02 -2.8952163e-02 -9.4082822e-02 -6.9201989e-02 5.6577329e-02 2.4647622e-01 3.4978427e-01 2.0180536e-01 9.5244383e-01 1.7923553e-01
1.0000000e+00 -3.6816909e-01 2.3260519e-01 -4.2650037e-01 -4.2177848e-01 1.9457698e-01 -3.9766001e-01 -6.0912622e-01 -1.2243610e-01 -1.4428955e-01 -2.2440771e-01
2.0000000e+00 5.9989471e-01 -2.2386026e-01 6.7429864e-01 4.9419558e-01 -1.8038990e-01 2.8764298e-01 1.3500404e-01 7.1509359e-01 -5.4298683e-01 -6.1351664e-01
2.0000000e+00 1.6573259e+00 1.1601340e+00 1.9085497e+00 1.9383816e+00 9.8506349e-01 1.4811758e+00 2.5671079e+00 2.4727309e+00 6.8168704e-01 2.2041237e-01
2.0000000e+00 3.6431167e-01 1.6551611e+00 3.7735151e-01 1.9632108e-01 2.3691348e+00 1.1274873e+00 5.7954543e-01 8.6858893e-01 1.3377638e+00 1.0843433e+00
1.0000000e+00 -2.5749228e-01 -2.1433559e-01 -3.2158018e-01 -3.5645031e-01 2.1776320e-01 -1.4433417e-01 -9.8729673e-02 -2.3570931e-01 8.9180507e-02 8.3371928e-02
2.0000000e+00 3.6280201e-02 -1.0145058e+00 4.9958829e-02 2.0406325e-02 -1.1015182e-01 -3.4296284e-03 -8.6032029e-02 -2.0732383e-01 -2.0192801e-01 -5.5158634e-03
1.0000000e+00 -1.0365850e+00 -2.1435680e-01 -1.0203974e+00 -8.6789731e-01 7.2846261e-01 -7.1898694e-01 -8.9841383e-01 -7.8167230e-01 2.5939050e-01 -3.5173402e-01
2.0000000e+00 7.3394112e-01 -1.7737764e-01 6.7381485e-01 6.3572954e-01 -7.3830130e-01 -6.1643965e-01 -3.4450549e-01 -1.3194863e-02 5.5948316e-01 -1.0081021e+00
1.0000000e+00 -4.7011735e-01 2.6303533e-01 -3.7210601e-01 -4.4551249e-01 -7.0820702e-02 7.6384464e-01 -1.0256869e-02 -1.8093898e-01 8.9407434e-01 9.7458618e-01
1.0000000e+00 -4.5856958e-02 -1.5410123e+00 -7.2220544e-02 -5.1669654e-02 -7.9907057e-01 -5.8559503e-01 -2.3567267e-01 -4.4469638e-01 -1.3080944e+00 -7.9590859e-01
2.0000000e+00 1.6393748e+00 4.9764303e-01 1.7803711e+00 1.5798473e+00 -2.2206299e-01 4.7050009e-01 7.5104130e-01 1.6514789e+00 4.0045265e-01 -1.2409411e+00
1.0000000e+00 -6.4162508e-01 -2.7709861e-01 -6.7947658e-01 -5.8125063e-01 -4.1465014e-01 -5.1668377e-01 -5.8644506e-01 -8.0465880e-01 -7.1317851e-01 -2.8950124e-01
2.0000000e+00 5.1100740e+00 -2.9806942e-01 5.2859603e+00 6.2554967e+00 8.6985398e-01 1.2261058e-01 1.3982438e+00 1.3015809e+00 2.2663593e-01 -8.0084296e-01
2.0000000e+00 5.8572627e-01 8.8850747e-01 5.8846603e-01 4.9358448e-01 2.6593422e+00 1.0249766e+00 1.5820892e+00 1.6082253e+00 -1.2639802e+00 6.1839483e-01
2.0000000e+00 6.5400039e-02 1.2284399e+00 1.9942280e-01 -1.5096791e-01 7.2936984e-01 7.0393261e-01 3.1356630e-01 6.9459387e-01 2.4851473e+00 5.3968132e-01
2.0000000e+00 -2.4024677e-01 -1.2885437e-01 -1.9622626e-01 -2.7792156e-01 2.2708542e-01 8.5249799e-01 4.2836781e-01 4.5694565e-01 7.0500279e-01 8.0264755e-01
1.0000000e+00 -5.5119540e-01 2.1368559e-01 -5.3879355e-01 -5.5428791e-01 2.5750362e-01 4.8290447e-01 2.2421513e-01 1.7278213e-01 7.5486493e-01 1.3428903e-01
1.0000000e+00 -7.6070333e-01 2.2055741e-01 -7.0558376e-01 -7.2447690e-01 -1.1797107e+00 -4.2231790e-01 2.8243211e-02 -7.8768966e-01 3.7190770e-01 1.1632011e-02
2.0000000e+00 1.8519418e+00 3.1827237e-01 1.7414286e+00 1.8229536e+00 -4.3521320e-02 4.2841877e-01 3.3221447e-01 9.5656512e-01 3.7146232e-01 -3.2443919e-01
2.0000000e+00 1.7161868e+00 2.1564914e+00 1.5251377e+00 1.9842101e+00 -3.3215784e-01 4.0221421e-01 2.5308458e-01 3.3818634e-01 -8.5959419e-01 -8.0354459e-01
1.0000000e+00 -3.4389057e-01 -1.4554606e+00 -3.7451559e-01 -3.5192237e-01 -3.3929301e-01 -2.8228589e-01 -5.3280950e-01 -6.5080708e-01 -1.1061824e+00 -4.3539896e-02
1.0000000e+00 -3.2107753e-01 -1.3167118e+00 -2.4866015e-01 -3.4399039e-01 1.5153786e-01 8.3248952e-02 -1.3718233e-01 -3.4402306e-01 1.8592678e-01 -1.3977368e-01
1.0000000e+00 -9.1633298e-01 -2.9041342e-01 -9.2147694e-01 -8.0538617e-01 4.4666035e-01 -5.6970296e-01 -8.8599234e-01 -7.8026860e-01 4.3810919e-01 3.6692446e-01
2.0000000e+00 3.1115636e-01 1.4589367e-01 2.2837506e-01 1.6267153e-01 2.2647126e-01 4.7987444e-01 2.1993660e-01 1.3316531e-01 6.2525011e-01 3.4204603e-01
1.0000000e+00 -2.9441793e-01 -4.8605994e-01 -3.2112294e-01 -3.1833880e-01 -4.6432531e-01 -8.7380727e-01 -4.7538189e-01 -4.4802220e-01 -8.2792709e-01 -5.9253989e-01
1.0000000e+00 1.9525926e-01 -1.1726498e+00 1.8659569e-01 4.1021915e-02 3.0384721e-02 -6.0192730e-01 -3.9803202e-01 2.7048626e-03 4.9295215e-01 -1.1160771e+00
1.0000000e+00 -9.3420887e-01 -8.0607886e-01 -9.5714048e-01 -8.0153653e-01 1.7869889e-01 -7.9047683e-01 -1.0582638e+00 -1.0401511e+00 -4.0571733e-01 -6.5547021e-02
1.0000000e+00 -1.1623843e-01 -1.0743999e+00 4.6780777e-02 -1.6437250e-01 -8.9901112e-01 3.8596001e-01 5.9618703e-02 9.3173650e-03 -1.5452793e-01 -2.5666436e-01
1.0000000e+00 -4.7834694e-01 5.7757065e-01 -5.4501704e-01 -4.6068102e-01 -7.6038894e-01 -3.7556296e-02 2.6954137e-02 -3.9622056e-01 -6.8067878e-01 4.7766344e-02
2.0000000e+00 -3.1581055e-01 3.8920572e-01 -2.1208858e-01 -3.5763434e-01 9.5103120e-01 1.3152086e+00 1.0721370e+00 7.6373882e-01 5.0090534e-01 1.4355185e+00
2.0000000e+00 3.7446220e-01 -3.8427737e-01 4.3710131e-01 3.4706665e-01 8.0739952e-01 5.2838326e-01 7.8004655e-01 1.3361066e+00 1.4693336e-01 -3.9466732e-02
1.0000000e+00 -8.9681845e-01 8.4644763e-01 -8.4810776e-01 -7.2940158e-01 -1.6189516e+00 -8.2159523e-01 -7.3642567e-01 -1.3385495e+00 -1.6682915e-01 -7.6926728e-01
1.0000000e+00 -7.6316199e-01 2.2605514e+00 -8.0417303e-01 -6.7666612e-01 -1.2121387e+00 -1.1742583e+00 -1.0659240e+00 -1.2475580e+00 -9.6400534e-03 -5.7334970e-01
2.0000000e+00 1.3132998e+00 1.2793106e+00 1.2816747e+00 1.4281596e+00 -4.8484397e-01 -2.4881813e-02 5.3604329e-01 4.6017097e-01 -9.9781262e-01 -4.5176181e-01
1.0000000e+00 -1.0578214e+00 -8.4981998e-01 -1.1207433e+00 -8.7808307e-01 4.9647098e-01 -1.0192578e+00 -8.4466770e-01 -6.0991190e-01 -2.6199971e-01 -1.3911378e-02
1.0000000e+00 -2.5001620e-01 5.7496296e-01 -3.1704555e-01 -2.7951633e-01 -1.4920692e-01 -6.5574881e-01 -9.1786808e-01 -5.3006565e-01 -1.0417506e+00 -4.6348018e-01
2.0000000e+00 2.6627918e+00 9.2198732e-01 2.5480634e+00 3.0182560e+00 1.3162183e-01 7.9787014e-01 1.0844151e+00 1.6673868e+00 4.0212724e-02 -2.7557463e-02
2.0000000e+00 1.4897844e+00 8.8747471e-02 1.4728780e+00 1.4432811e+00 -3.4169258e-01 -7.1883577e-02 1.9452290e-01 5.1458353e-01 -1.0646482e+00 -7.3782806e-01
1.0000000e+00 -1.1100223e-01 2.1403689e+00 -1.6487806e-01 -1.7379754e-01 -7.7136424e-01 2.7844224e-02 2.1770524e-01 -2.9730578e-01 -1.4673942e+00 -2.0777058e-01
2.0000000e+00 9.0441676e-01 2.3742609e+00 6.5364530e-01 6.2448698e-01 -1.4022914e-01 4.5784972e-01 2.3948611e-01 9.0898458e-01 -3.6320902e-01 -2.6013970e-01
1.0000000e+00 -2.4151078e-01 -9.8198484e-01 -3.3714968e-01 -2.8741617e-01 -1.8073494e-01 -7.4787249e-01 -5.1729677e-01 -2.5486232e-01 -3.7813649e-01 -8.9325888e-01
1.0000000e+00 -7.2222660e-01 -9.4572857e-01 -7.6387758e-01 -5.9647758e-01 -1.2441244e+00 -1.2018790e+00 -9.4373413e-01 -1.1357727e+00 -4.5801464e-01 -8.5313258e-01
1.0000000e+00 -7.1766420e-01 2.9573418e-01 -5.2927413e-01 -6.6620876e-01 -1.8377208e-02 1.2938418e+00 1.6590292e+00 -6.6045010e-02 4.9067931e-01 2.1169331e+00
1.0000000e+00 -8.7113290e-02 2.8683596e-01 -1.4514700e-01 -1.6680320e-01 -1.2421102e+00 -4.4031457e-01 -3.7293017e-01 -5.8417718e-01 4.4252573e-02 -8.7430002e-01
2.0000000e+00 1.0139179e+00 9.4389291e-01 1.0767288e+00 9.3565977e-01 7.5052881e-01 5.4645753e-01 6.8379683e-01 7.6067064e-01 2.6604243e-01 -2.5695633e-01
1.0000000e+00 -7.1590867e-01 1.0933340e+00 -7.3768411e-01 -7.0620813e-01 1.5318726e+00 -8.1998573e-01 -5.6223584e-01 -4.2165183e-01 4.7343492e-01 -7.3335257e-02
1.0000000e+00 -5.3991612e-01 2.0438640e-01 -6.2496267e-01 -4.6702406e-01 -9.8636751e-01 -7.7509596e-01 -2.7014833e-01 -1.0017899e+00 -5.0440740e-01 -7.2049110e-01
1.0000000e+00 -4.9068060e-01 -1.3044989e+00 -1.9688210e-01 -4.5269515e-01 -4.8075031e-01 1.4593783e+00 1.5529484e+00 2.3513830e-01 -7.2168389e-01 1.1605095e+00
1.0000000e+00 -7.9367851e-01 1.1433847e+00 -8.4558969e-01 -7.1465064e-01 2.7759063e-01 -7.2670944e-01 -7.6045753e-01 -8.5215122e-01 4.1986454e-01 -1.7072841e-01
1.0000000e+00 -6.7588343e-01 -6.8991251e-01 -7.0515160e-01 -6.2275753e-01 1.7050528e-01 -6.1547677e-01 -4.5713215e-01 -3.5667447e-01 -1.9305125e-01 -2.8843782e-01
2.0000000e+00 2.0081026e+00 1.6352278e-01 1.7991260e+00 2.0495838e+00 -2.5704920e-01 7.4224920e-01 2.1455127e+00 1.5624896e+00 7.4015768e-01 -1.2897959e-01
1.0000000e+00 -4.9146900e-01 -4.6592560e-01 -5.2633206e-01 -5.5030982e-01 -3.4805201e-01 -8.7364703e-01 -7.8178661e-01 -6.3398338e-01 3.6511384e-02 -8.1001882e-01
2.0000000e+00 1.5866316e+00 -2.2779658e-01 1.2595040e+00 1.5239890e+00 9.5801663e-01 1.6999387e+00 1.9612092e+00 1.5354882e+00 -4.1451625e-01 1.4790947e+00
2.0000000e+00 4.3219834e-01 -4.2102881e-01 4.1239530e-01 4.0997936e-01 -1.3578571e-02 -2.2535786e-01 1.6836013e-01 7.0296887e-01 -1.3684798e-01 -5.4774723e-01
2.0000000e+00 1.3843526e+00 -4.0934935e-01 1.1821289e+00 1.3518121e+00 1.5682675e-01 8.3142240e-02 4.1190127e-01 7.9820815e-01 -6.3618828e-02 -3.5336717e-01
2.0000000e+00 1.6355888e-02 -6.1571001e-01 -4.9080834e-02 -1.1546012e-01 5.1256654e-01 3.2580145e-01 1.0816493e-01 2.3393688e-01 2.1061848e-01 -2.9027713e-01
2.0000000e+00 1.6457493e+00 1.2995724e+00 1.9881052e+00 1.6205030e+00 -2.2768509e-01 1.6479856e+00 6.9396190e-01 1.1499830e+00 6.6957423e-03 4.6693532e-01
2.0000000e+00 5.1936485e-01 -4.1590741e-01 4.7587211e-01 2.2387486e-01 1.8713288e+00 1.5794696e+00 1.1240968e+00 1.7091636e+00 8.3755876e-01 1.8847442e+00
2.0000000e+00 1.4591941e+00 1.3751919e+00 1.8090732e+00 1.0347688e+00 1.1994091e+00 2.5077749e+00 2.0680300e+00 2.4285034e+00 1.1486804e+00 1.4769872e+00
2.0000000e+00 8.9665637e-02 2.4392175e+00 1.9118110e-01 4.8815420e-02 8.6460610e-01 1.0184357e+00 8.0470177e-01 6.5684207e-01 2.4200060e-01 7.9336982e-01
2.0000000e+00 1.1327539e+00 1.2234087e+00 1.0623961e+00 1.2527733e+00 1.5410986e-01 -6.7189677e-02 3.1604401e-01 4.6622074e-01 -1.7382326e-01 -6.4743854e-01
2.0000000e+00 5.4689251e-01 6.6746805e-01 4.2149183e-01 4.9134032e-01 -4.9945342e-01 -7.5445614e-01 -7.0704112e-01 -5.6344465e-01 -8.0294767e-01 -1.0863741e+00
2.0000000e+00 1.1007398e+00 5.5683012e-01 1.1534030e+00 8.9164270e-01 -4.6428215e-01 8.5341029e-01 1.2651500e-01 9.4284473e-01 7.2993803e-01 -2.9607618e-01
2.0000000e+00 4.2646246e-02 2.0042933e-01 -2.3766482e-02 2.8453960e-02 -1.2446287e+00 -7.6538819e-01 -4.7694552e-01 -6.8069583e-01 -8.5969805e-01 -9.9348503e-01
2.0000000e+00 6.7474285e-01 1.2452600e-01 5.9178428e-01 6.2193866e-01 8.0601571e-02 -3.3572477e-01 6.8071493e-02 4.6200691e-01 -1.2996746e-01 -7.6287144e-01
2.0000000e+00 2.6673175e+00 2.3257808e+00 2.4659322e+00 3.3882116e+00 -2.0332662e-01 -1.1490116e-01 1.9997432e-01 4.4707202e-01 -3.4689247e-01 -5.0747036e-01
1.0000000e+00 -5.8237580e-01 -1.8693308e-01 -5.0620920e-01 -6.5661333e-01 -1.0173428e-01 2.5205736e-01 -2.1500871e-01 -2.7261027e-01 7.4061492e-01 -1.0948808e-01
1.0000000e+00 -2.3309336e-01 8.5747578e-01 -2.0674265e-01 -3.1695940e-01 -1.0425341e+00 -3.3614389e-01 -4.1411648e-01 -6.0549699e-01 -4.6995225e-01 -5.5108691e-01
1.0000000e+00 -4.8789927e-01 -3.4816980e-01 -5.2810909e-01 -4.6321047e-01 -3.1818889e-01 -4.9095037e-01 -3.9148610e-01 -8.6562418e-01 8.3810298e-01 -6.9401908e-01
1.0000000e+00 -7.4231842e-01 2.2458075e-01 -7.1877447e-01 -7.1311699e-01 5.0418018e-01 5.7348602e-01 4.1050872e-01 -1.3590114e-02 -6.2340187e-02 8.1275127e-01
1.0000000e+00 -4.0922830e-01 -7.6506057e-01 -4.8388970e-01 -3.5281334e-01 -1.8374704e+00 -1.3280654e+00 -1.0138975e+00 -1.2221208e+00 -8.1741367e-01 -1.1515719e+00
1.0000000e+00 -7.9959894e-01 -1.4161191e+00 -8.3971791e-01 -7.0017513e-01 3.3879659e-02 -6.6376222e-01 -6.7717570e-01 -4.8066168e-01 -2.8852422e-01 -1.9673329e-01
2.0000000e+00 2.4610486e+00 3.4948241e-01 2.6299745e+00 2.5277481e+00 -2.8172444e-01 1.4918027e+00 1.3873473e+00 1.0737883e+00 -1.9937925e-01 1.4835204e-01
1.0000000e+00 -9.6068399e-01 -4.2496485e-01 -9.9141883e-01 -8.2950694e-01 8.1834244e-01 -9.7927307e-01 -9.5633243e-01 -7.4513947e-01 1.9219507e-01 3.3440214e-02
2.0000000e+00 7.0032430e-01 1.0225562e+00 5.7868746e-01 6.2375747e-01 -3.7541520e-01 -6.2830696e-01 -4.0900152e-01 -1.9485703e-01 -8.0331888e-01 -5.7785042e-01
1.0000000e+00 -1.9492994e-01 1.3816168e-01 -3.0196034e-01 -3.8471741e-01 1.4649391e+00 -7.6264659e-01 -6.5685120e-01 4.8327754e-01 1.3215734e-01 -7.2746586e-01
1.0000000e+00 -7.4743078e-01 -7.2270227e-01 -7.8852580e-01 -6.6298015e-01 -1.5931222e-03 -1.1049092e+00 -1.1288196e+00 -1.3748487e+00 2.1889307e-01 -8.6114199e-01
2.0000000e+00 6.0560351e-01 -2.5637889e-01 5.3005020e-01 6.0575974e-01 -2.2814759e-01 -8.4774060e-01 -1.8044470e-01 3.1008721e-01 -5.4850467e-01 -1.3646879e+00
1.0000000e+00 -2.8101970e-01 -1.2025399e-01 -3.5679281e-01 -2.9407120e-01 -1.1670190e+00 -1.1571058e+00 -7.8860721e-01 -9.9777191e-01 -8.8212915e-01 -1.0892634e+00
1.0000000e+00 -3.0445045e-01 -7.1233217e-01 -3.0014008e-01 -3.4085474e-01 -5.4290832e-01 -5.3463533e-01 -5.7808326e-01 -2.4989149e-01 1.7999253e-01 -7.5314533e-01
2.0000000e+00 1.2685869e+00 9.9141708e-01 1.2317108e+00 1.1672015e+00 8.4247513e-01 5.1564635e-01 1.0054676e+00 8.4006353e-01 5.2721961e-02 1.7260020e-01
1.0000000e+00 -2.4171906e-01 -7.8044462e-01 -3.2700845e-01 -4.3741235e-01 -7.4248084e-01 -9.4990609e-01 -7.9041151e-01 1.6344409e-02 8.0997954e-01 -6.1971693e-01
2.0000000e+00 1.0973928e+00 -5.8820463e-02 9.3798467e-01 9.9664849e-01 3.0392743e-01 4.4261457e-01 5.4937287e-01 1.1271218e+00 2.9667938e-01 -5.2618384e-01
2.0000000e+00 2.1564336e-01 -2.5334809e-01 3.5973234e-01 1.4072609e-01 2.7930506e-02 1.1117955e+00 8.8752648e-01 6.7096765e-01 -2.6104749e-01 6.4001414e-01
1.0000000e+00 -4.1767147e-01 -4.9932812e-01 -3.4429826e-01 -4.2311625e-01 -9.8427351e-01 1.6147124e-01 7.1810806e-01 1.2674352e-01 -1.0193952e+00 -4.0952862e-01
1.0000000e+00 -4.9797016e-01 -1.2946506e-01 -5.7107913e-01 -4.7390056e-01 -7.8542381e-01 -1.1169739e+00 -1.1221382e+00 -1.4123465e+00 -1.4433817e-01 -7.8784293e-01
1.0000000e+00 -5.7373995e-01 3.0631293e-01 -2.8834400e-01 -5.3391398e-01 -5.8382540e-01 5.2275395e-01 -2.1209157e-02 1.5502528e-01 -5.8067244e-01 1.0548927e+00
1.0000000e+00 -6.0314314e-01 -1.4811219e+00 -6.2452273e-01 -5.1249165e-01 -1.4217419e+00 -9.4359705e-01 -6.9257384e-01 -9.4779168e-01 -1.0723688e+00 -8.1959172e-01
1.0000000e+00 -4.7784240e-01 2.8648510e-01 -5.3659763e-01 -5.4830068e-01 1.5119068e-01 1.0031035e+00 3.7107609e-01 1.1984981e+00 1.5330230e+00 6.5172172e-02
1.0000000e+00 -6.9879326e-01 4.5202790e-01 -7.0005647e-01 -6.5985365e-01 -5.7539538e-01 -8.9084826e-01 -7.8652141e-01 -6.0185069e-01 9.9218193e-01 -5.2147795e-01
1.0000000e+00 5.6488119e-01 1.7614253e-01 2.4705769e-01 1.9962142e-01 -6.0385747e-01 1.8921980e+00 8.6642420e-01 9.4401810e-01 3.5851697e-01 2.9095679e+00
1.0000000e+00 -6.3818076e-02 -1.4947418e-01 -2.6947848e-02 -1.2418428e-01 -3.5828365e-01 -1.5895822e-02 -4.5255793e-01 1.7178375e-01 -9.9776859e-02 -3.1138123e-01
1.0000000e+00 -5.2156702e-01 -8.3970879e-01 -5.7421962e-01 -4.7305899e-01 5.1811181e-01 -3.5951266e-01 -2.8536807e-01 -2.0231018e-01 3.8946902e-01 4.2699927e-01
1.0000000e+00 -6.7553163e-01 -1.2518436e-01 -7.2235471e-01 -6.1725689e-01 -1.7207726e-01 -6.6431307e-01 -6.8039843e-01 -5.1636051e-01 7.9283038e-02 -7.7672477e-01
1.0000000e+00 -5.9443615e-01 -1.1890893e+00 -5.7758712e-01 -5.4357425e-01 -1.3874272e-01 -6.1078883e-01 -9.4926635e-01 -7.2137395e-01 -7.7258267e-01 -6.5992490e-01
1.0000000e+00 -3.6807111e-01 -1.2575970e+00 -4.1252780e-01 -3.6277326e-01 -6.2770557e-01 -9.0075922e-01 -1.0080182e+00 -8.1156074e-01 -2.6893557e-01 -7.2071116e-01
1.0000000e+00 -9.1931656e-01 -1.2424645e+00 -9.2323015e-01 -7.7673078e-01 -1.2346182e+00 -9.8808710e-01 -9.4307362e-01 -8.5241244e-01 -4.9203153e-01 -4.8735993e-01
2.0000000e+00 -1.3639914e-01 3.2380410e-01 -2.4313285e-01 -3.3942257e-01 -3.5459479e-01 -9.4304007e-01 -8.0857915e-01 -2.0020153e-01 -9.2543346e-01 -4.0062351e-01
1.0000000e+00 -2.0157602e-01 -4.4082882e-01 -2.2363916e-01 -2.0137574e-01 -1.7101966e+00 -6.2715915e-01 -6.8629731e-01 -8.5629749e-01 -7.4162539e-01 -6.9229198e-01
1.0000000e+00 -8.5341492e-01 1.7102401e-01 -8.0906596e-01 -7.5253187e-01 2.0558892e-01 -7.9208984e-01 -7.8280814e-01 -6.4441357e-01 6.3723876e-02 -3.9823089e-01
2.0000000e+00 2.0275040e+00 -3.3455480e-02 1.8703831e+00 1.8994834e+00 5.8304489e-01 8.3382252e-01 1.3620267e+00 1.2149836e+00 -5.6317262e-02 5.3716642e-01
1.0000000e+00 -4.0104847e-01 -2.0191241e-01 -3.9574580e-01 -4.5513118e-01 -7.3779681e-01 5.2843238e-02 -4.8297418e-02 -2.2804823e-01 1.2316264e-01 -2.3076467e-02
2.0000000e+00 1.8782884e+00 8.7642623e-01 1.9132183e+00 1.7025983e+00 4.1274372e-01 1.0887554e+00 1.4301383e+00 1.4832512e+00 1.0195049e+00 1.0293714e+00
1.0000000e+00 -1.0127194e+00 9.4893472e-02 -1.0092986e+00 -8.2185454e-01 5.8194283e-01 -8.5530362e-01 -7.2874737e-01 -6.5834599e-01 -8.7825720e-01 -1.1004443e-02
1.0000000e+00 -5.9335308e-01 -4.0386641e-01 -5.6083217e-01 -5.9535406e-01 -4.9152655e-01 -3.1349567e-01 -5.7792403e-01 -8.0923338e-01 -9.2578888e-01 -2.0553021e-01
1.0000000e+00 -6.8882084e-01 1.0701762e+00 -6.4976737e-01 -6.2439621e-01 -1.1544384e+00 -5.8965785e-01 -7.8463008e-01 -9.0445032e-01 7.9525632e-01 -6.9426032e-01
1.0000000e+00 -4.7462938e-01 -9.4196524e-01 -5.3423366e-01 -4.3642245e-01 -9.3160346e-01 -9.0937483e-01 -1.1229093e+00 -1.3561728e+00 -6.3992103e-01 -3.3660463e-01
1.0000000e+00 -1.2163260e+00 -6.3034244e-01 -1.2333743e+00 -9.6009450e-01 -1.0787364e+00 -1.2741978e+00 -1.0797729e+00 -1.3520279e+00 2.8095492e-01 -5.4684719e-02
1.0000000e+00 -3.6654786e-01 -1.3054520e+00 -4.2711127e-01 -3.3694847e-01 -1.5633061e+00 -1.2511129e+00 -1.1033703e+00 -1.3146516e+00 -1.1170420e+00 -1.1343205e+00
1.0000000e+00 -2.1746518e-01 -1.1068903e+00 -3.0853756e-01 -2.9355567e-01 -1.0756395e+00 -1.2252580e+00 -1.0798639e+00 -1.1242595e+00 -1.1196378e+00 -8.8703431e-01
1.0000000e+00 -7.7721871e-01 1.6234735e-01 -7.9364951e-01 -6.6993070e-01 -4.5067953e-01 -9.4089987e-01 -8.5141294e-01 -8.3703285e-01 5.8647575e-01 -6.0612750e-01
1.0000000e+00 -4.8410408e-02 -6.7706747e-01 -1.7609536e-01 -9.7699515e-02 -1.1589485e+00 -1.1884569e+00 -9.6409405e-01 -8.4174692e-01 -6.4463227e-01 -1.3485563e+00
1.0000000e+00 -3.6761271e-01 -1.2998975e+00 -3.6983438e-01 -4.0751108e-01 -4.5001887e-01 -1.8699195e-01 -3.6021968e-01 -4.1612292e-01 -5.6837182e-01 -1.6910664e-02
1.0000000e+00 -8.4577228e-01 -1.8780185e+00 -7.9913970e-01 -7.0150624e-01 -9.0913688e-01 -7.0145386e-01 -8.5822231e-01 -1.0718721e+00 2.8087883e-01 -4.9474166e-01
1.0000000e+00 -1.1109042e+00 7.1433163e-01 -1.1288571e+00 -9.5166800e-01 1.8192349e+00 -8.7751514e-01 -1.1594014e+00 -1.6401100e+00 2.2091360e+00 8.3993398e-01
1.0000000e+00 -6.3820291e-01 -8.1660037e-01 -7.0180615e-01 -5.6415573e-01 -8.2266633e-01 -1.2696131e+00 -1.0807328e+00 -1.2602853e+00 -1.5234430e+00 -1.0059193e+00
1.0000000e+00 -6.5361265e-01 -1.2771898e+00 -6.9251790e-01 -5.7857459e-01 -1.1113751e+00 -1.2495441e+00 -9.2246414e-01 -1.2295756e+00 -5.2760432e-01 -1.0922185e+00
2.0000000e+00 7.7071181e-01 -4.7243125e-01 6.4835642e-01 7.6974419e-01 -5.9396495e-02 -7.2372214e-02 1.9580483e-01 5.6286397e-01 -3.6797650e-01 -4.9672536e-01
1.0000000e+00 -8.3769847e-01 2.6597171e-01 -6.7263506e-01 -8.4931482e-01 2.4027596e-01 1.5952486e+00 1.5392692e+00 7.2937415e-01 1.3370522e+00 2.0767995e+00
1.0000000e+00 -4.2618227e-01 1.2021535e-01 -4.9929803e-01 -4.4935806e-01 -1.1635134e+00 -1.1538257e+00 -9.5739503e-01 -7.4470820e-01 -3.9597319e-01 -8.9966785e-01
1.0000000e+00 -7.5654149e-01 -3.6256421e-01 -9.1358602e-01 -7.3023294e-01 7.2871612e-01 3.2387652e-01 -1.3185989e-01 3.0199477e-02 2.6918824e-02 1.1929372e+00
2.0000000e+00 1.2652463e+00 -4.3583565e-01 1.1289238e+00 1.2950104e+00 -1.0557576e+00 -5.4968896e-01 3.3044290e-02 4.2168596e-01 2.8081867e-01 -1.2921987e+00
1.0000000e+00 -4.9518297e-01 -8.1835026e-01 -4.7579917e-01 -4.8130160e-01 6.0484932e-01 -2.6624129e-01 -5.0374408e-01 -2.1490758e-01 -9.5060384e-01 3.5259149e-02
2.0000000e+00 1.4100803e+00 3.9060024e-01 1.4260976e+00 1.4077246e+00 7.0877755e-01 9.1691944e-01 1.1212172e+00 1.7560256e+00 2.6427390e+00 4.6856043e-01
1.0000000e+00 -5.3401263e-01 -7.9740282e-01 -5.0169162e-01 -5.1747960e-01 -5.0935523e-01 -5.8649767e-01 -7.7316892e-01 -9.3460794e-01 -6.3166609e-01 -3.6944357e-01
1.0000000e+00 -5.4942399e-01 -5.6387789e-01 -5.4598318e-01 -5.0250792e-01 2.1511602e-01 -7.5456086e-01 -7.1577324e-01 -8.2457043e-01 -2.4093158e-01 -6.7159454e-01
1.0000000e+00 -2.3080251e-01 -9.9608040e-01 -3.3044573e-01 -2.3337196e-01 -1.7872655e-01 -8.9171479e-01 -9.3748189e-01 -7.4785676e-01 -1.2231927e+00 -6.8252414e-01
1.0000000e+00 -6.2591915e-01 -4.7726110e-01 -6.9250587e-01 -5.7870483e-01 -1.1741638e+00 -1.1420828e+00 -1.1274806e+00 -1.2364880e+00 -1.1537726e+00 -6.0708980e-01
2.0000000e+00 4.4957470e-01 3.7460814e-01 4.9543641e-01 3.2130586e-01 8.3815510e-01 1.7324153e-01 3.9334329e-01 6.4579743e-01 6.5880858e-02 -1.6407584e-01
2.0000000e+00 5.0176396e-01 3.2080542e-01 2.9283563e-01 3.4590480e-01 1.0182698e+00 2.8596639e-01 7.7358852e-01 2.1877309e-01 7.7516805e-01 3.3922750e-01
2.0000000e+00 2.7017103e-01 -7.7766884e-01 3.1995443e-01 1.9028696e-01 -5.3102271e-03 7.4721288e-01 5.4761680e-01 7.5961747e-01 -2.0928392e-01 -9.3768248e-02
1.0000000e+00 -4.0080704e-01 -5.9101906e-01 -2.4839196e-01 -4.2226557e-01 -2.1167585e-01 3.3391668e-01 1.7351132e-01 -3.5564346e-01 5.9452861e-01 3.6344709e-01
1.0000000e+00 -7.0072618e-01 5.0289023e-01 -7.2601943e-01 -6.6607486e-01 1.0109347e+00 -8.3401120e-01 -1.0806628e+00 -1.2037190e+00 1.2505969e+00 -6.9584132e-01
1.0000000e+00 -7.4414001e-01 -6.7966348e-01 -7.5333173e-01 -6.6371847e-01 -7.0414322e-01 -1.0509364e+00 -1.1357406e+00 -1.3711946e+00 -2.3620820e-01 -4.9684079e-01
1.0000000e+00 -6.4058214e-01 3.2073106e-01 -6.9421456e-01 -5.7636967e-01 -3.6908994e-01 -1.0584743e+00 -9.9165789e-01 -1.0119238e+00 -5.6526949e-01 -5.7587322e-01
2.0000000e+00 1.0978844e+00 1.0899510e+00 1.1587758e+00 8.7557134e-01 4.8662736e-01 -2.3575077e-01 5.9614795e-01 1.0842934e+00 -3.4366353e-01 -2.5341125e-01
1.0000000e+00 -5.5284667e-01 -1.2165118e+00 -6.2651593e-01 -5.0190682e-01 -5.0787839e-01 -1.9523788e-01 -4.2702678e-01 -7.6728415e-01 -6.1461887e-01 1.0063056e+00
2.0000000e+00 1.2956063e+00 8.2726482e-01 1.2072293e+00 1.3473122e+00 1.8768493e-01 9.6226693e-01 4.5785368e-01 9.0488611e-01 6.3765169e-01 2.6152856e-01
1.0000000e+00 -9.1104388e-01 4.0932711e-01 -9.0822174e-01 -7.8944347e-01 3.0205067e-01 -6.4292190e-01 -6.9881881e-01 -7.2275259e-01 1.1021816e-01 -2.3895548e-01
2.0000000e+00 2.6087735e+00 4.8378163e-01 2.4047555e+00 3.1298591e+00 4.4634541e-01 7.2593801e-02 9.7303143e-01 1.3359352e+00 -4.1591091e-01 -5.7225888e-01
1.0000000e+00 -1.2080579e-02 -7.0937509e-01 3.9840533e-02 -8.3924899e-02 -2.8989011e-01 3.3014991e-01 2.0059071e-01 1.1275234e-01 1.3111805e-01 7.7531007e-02
1.0000000e+00 -1.0746172e+00 -4.9722183e-01 -1.0110905e+00 -8.7103848e-01 -5.2728392e-01 2.8098777e-01 4.4297185e-01 -5.7077594e-01 1.9409405e-01 6.9339864e-01
1.0000000e+00 -8.8543738e-01 -8.8793864e-01 -8.0356758e-01 -7.4117825e-01 3.4410478e-01 -2.7997563e-01 -2.6106368e-01 -2.6112535e-01 2.9105277e-01 3.1231280e-01
2.0000000e+00 1.2346179e+00 1.3184037e+00 1.4012578e+00 1.0978783e+00 -3.7013930e-01 5.3362518e-01 8.5753574e-01 1.4292836e+00 1.6329204e+00 -4.1881540e-01
1.0000000e+00 -5.2324320e-01 -9.9457613e-01 -5.4626704e-01 -5.5172680e-01 9.1858536e-01 -7.7219905e-01 -6.3544626e-01 -3.5541182e-01 1.2614588e-01 -8.9432782e-02
1.0000000e+00 -8.1893696e-01 8.9834659e-02 -7.9282083e-01 -7.7677924e-01 1.2580154e+00 1.2274419e-01 -6.0642739e-01 -5.5744586e-01 1.8505646e-01 7.3355512e-01
1.0000000e+00 -5.7230416e-01 5.6121248e-03 -6.3160506e-01 -5.4869780e-01 -3.3176490e-01 -8.1606647e-01 -9.9145606e-01 -1.0115193e+00 -3.5264438e-01 -2.9831138e-01
1.0000000e+00 5.3944861e-02 -1.2686071e+00 5.4424868e-02 -6.9484724e-02 -5.8859881e-01 -4.7491071e-01 -4.1755368e-01 -1.2489790e-01 -1.9748045e-01 -3.3970886e-01
1.0000000e+00 -7.9314334e-01 -7.9352125e-01 -8.2718186e-01 -6.8226295e-01 4.0897864e-01 -9.0438468e-01 -7.9015678e-01 -7.6666732e-01 -3.6375748e-01 1.2550404e-02
1.0000000e+00 -4.9804859e-01 -8.6868405e-01 -5.1018349e-01 -5.4194812e-01 2.7841507e-01 -6.1112146e-02 -9.7408383e-01 -6.7574869e-01 1.1825895e+00 -9.2126896e-02
1.0000000e+00 -5.0220370e-01 -8.2373093e-01 -5.9144009e-01 -5.2476848e-01 -1.0222287e+00 -1.1760773e+00 -1.0101796e+00 -9.8345805e-01 -1.9738310e-01 -6.9132508e-01
2.0000000e+00 3.6754726e-01 -2.2416295e-02 4.2908196e-01 1.9847884e-01 1.2477050e+00 2.1123424e+00 2.2590970e+00 1.7458027e+00 2.8185722e+00 1.4599062e+00
2.0000000e+00 2.9716681e+00 -4.7708554e-01 3.0594872e+00 3.4907176e+00 6.6659377e-01 1.8691770e+00 1.7532237e+00 2.2188770e+00 7.1463486e-01 -4.9042893e-02
2.0000000e+00 5.4350737e-01 1.0846486e+00 4.3702197e-01 3.2669861e-01 1.0212675e+00 -1.0335616e-01 5.4464332e-01 6.4190311e-01 -3.0685881e-01 4.1497285e-01
1.0000000e+00 -5.4873352e-01 -1.1864861e+00 -4.8249495e-01 -5.9082007e-01 -1.3659476e+00 -3.9255683e-01 -2.8089876e-01 -5.1920301e-01 9.9739387e-02 -2.1662281e-01
1.0000000e+00 -4.0260609e-01 -3.5364709e-02 -2.6200008e-01 -4.4975711e-01 -2.2804418e-01 1.9625963e-01 3.4662779e-01 2.7069006e-01 -5.2355453e-01 -2.1642296e-01
1.0000000e+00 -3.5928682e-01 7.8115877e-02 -2.6948333e-01 -4.4266979e-01 3.9419815e-01 4.4695019e-01 2.1894650e-01 4.9448875e-01 7.1151061e-01 3.3230524e-01
1.0000000e+00 -2.8588380e-01 -1.5577564e-01 -3.3812280e-01 -3.1083034e-01 -6.1714101e-01 -9.6436908e-01 -9.5395747e-01 -8.5189698e-01 -9.6818031e-01 -6.3955530e-01
1.0000000e+00 -7.7109425e-01 -7.3794097e-01 -6.6779185e-01 -8.0590494e-01 -3.3751044e-01 -3.8194446e-01 -4.5562769e-01 -3.7940233e-01 2.0828723e-01 3.1052915e-02
1.0000000e+00 -6.1385323e-01 -9.2657394e-02 -6.8771454e-01 -6.8742909e-01 9.8523677e-02 -9.0693262e-01 -6.0353362e-01 -9.0783744e-01 -6.5814510e-01 1.3678841e-01
1.0000000e+00 -3.9128782e-01 -5.0933306e-01 -4.6387220e-01 -4.1559095e-01 -1.2379430e+00 -1.3263656e+00 -1.1399145e+00 -1.3147037e+00 -7.0978492e-01 -1.3931980e+00
1.0000000e+00 -3.9327759e-01 5.6293337e-01 -3.7286818e-01 -3.9708970e-01 -6.8988487e-01 -5.3589821e-01 -6.2724584e-01 -8.0076096e-01 -2.2901955e-01 -8.2848358e-01
1.0000000e+00 -5.2454778e-01 2.3312951e-02 -5.5132303e-01 -4.9561731e-01 -1.8727648e-01 -4.7401133e-01 -6.7722216e-01 -5.2456474e-01 -2.0718205e-01 -4.6890512e-01
1.0000000e+00 2.7334478e-01 4.4474491e-02 2.1341742e-01 1.9938298e-01 5.6773205e-02 -4.4572078e-01 -4.4565565e-01 -2.0281416e-01 -8.0397907e-01 -9.0639285e-01
1.0000000e+00 -4.7198423e-01 -7.6293480e-01 -5.2512162e-01 -4.2324161e-01 -8.5889488e-01 -7.2486424e-01 -6.8962988e-01 -8.6231478e-01 -5.9087249e-01 -6.4056231e-01
2.0000000e+00 1.3607144e+00 4.9311935e-02 1.3329633e+00 1.3674228e+00 -2.0300916e-01 -9.9574493e-02 -5.4724137e-02 7.1503644e-01 -6.3884460e-01 -8.8624670e-01
2.0000000e+00 1.8085319e+00 1.4346702e+00 1.7998557e+00 1.4761424e+00 1.5239085e-01 9.7649129e-01 7.7206006e-01 1.9110033e+00 9.4505251e-01 -2.0169045e-01
1.0000000e+00 -5.0156579e-01 -4.5240326e-01 -4.8439407e-01 -4.9591471e-01 -1.6555379e-01 -5.0097325e-01 -3.6866899e-01 -6.3451655e-01 -1.7755250e-02 -5.7402947e-01
2.0000000e+00 2.6820950e+00 -2.1711386e-01 2.3907235e+00 3.5182135e+00 -1.6601104e-01 -5.7970186e-01 1.8586375e-02 6.5867372e-01 -6.4520452e-01 -1.1814357e+00
2.0000000e+00 2.2577905e+00 -1.0349718e-01 2.4041624e+00 2.2321365e+00 -1.4793362e-01 9.1076913e-01 1.0208834e+00 1.6801865e+00 -2.8750171e-01 -3.2761673e-02
2.0000000e+00 4.5647182e-01 4.8301466e-01 4.7013220e-01 3.8039505e-01 2.3400127e-03 9.9165437e-01 1.4029335e+00 1.1505691e+00 1.9405737e+00 2.3264241e-01
1.0000000e+00 -1.7711089e-01 -1.4979974e+00 -2.0156032e-01 -1.4794532e-01 -9.1118184e-01 -5.8994282e-01 -6.2817529e-01 -5.0157437e-01 -4.9775910e-01 -9.0418900e-01
2.0000000e+00 1.0521676e+00 -4.7754724e-01 1.0467550e+00 1.0672214e+00 -3.9427110e-01 3.8465757e-01 6.7251553e-01 1.1629466e+00 -4.8738963e-02 7.6545341e-02
2.0000000e+00 1.4956472e+00 -6.2483815e-01 1.3859576e+00 1.5381007e+00 2.1092191e-01 7.6114674e-03 4.4105658e-01 8.6673018e-01 -7.2110946e-01 -8.8905307e-01
1.0000000e+00 -4.2237935e-01 -9.7606038e-01 -3.8366072e-01 -3.8804826e-01 -9.4834243e-01 -5.3019175e-01 -7.0798228e-01 -7.6832449e-01 2.5629071e-01 -6.2071518e-01
1.0000000e+00 -3.5753401e-02 -1.0447855e+00 4.4059351e-03 -7.0994195e-02 -3.5294430e-01 1.1374636e-01 -3.2736102e-01 1.0554877e-01 3.0458789e-01 2.3006662e-01
1.0000000e+00 -1.0641550e+00 -7.4371758e-02 -6.8790357e-01 -8.5274901e-01 -2.3556921e-01 1.5669714e+00 2.4556130e+00 1.1925624e+00 1.1778186e-01 2.7512502e+00
1.0000000e+00 -4.5643281e-01 1.1917595e+00 -4.2616773e-01 -3.9163128e-01 -1.0510608e+00 -8.4133492e-01 -8.9635068e-01 -9.7062587e-01 -8.3396355e-01 -7.5667663e-01
1.0000000e+00 -4.8238076e-01 -1.0571363e+00 -4.3438890e-01 -4.1403025e-01 -5.9888892e-01 1.7973605e-02 -3.0074453e-01 -4.4088441e-01 1.4299549e-01 1.8411564e-01
2.0000000e+00 -7.3071015e-01 2.3724472e-01 -5.9950909e-01 -6.8953931e-01 1.8962681e+00 2.5240199e+00 1.3981513e+00 9.1238453e-01 1.0159808e+00 1.9109226e+00
1.0000000e+00 -6.8643605e-01 -9.1011847e-01 -6.5439281e-01 -6.6983943e-01 1.0217982e+00 -1.2500285e-01 -2.3724296e-01 1.3540740e-01 5.1134833e-01 4.4192902e-01
1.0000000e+00 -8.7066355e-01 -7.1368724e-01 -8.2733485e-01 -7.3170167e-01 -9.1922886e-01 -4.5095877e-01 -5.7221800e-01 -7.4265967e-01 3.2503826e-01 -4.5429227e-01
1.0000000e+00 -7.9580977e-01 5.6203775e-01 -5.5863052e-01 -6.5193225e-01 -1.5113090e+00 5.3591713e-01 1.1449529e-01 7.1531500e-02 -9.5561765e-01 8.0475178e-01
1.0000000e+00 -4.8237310e-01 -4.8659507e-01 -3.9860405e-01 -5.0115009e-01 3.0071313e-01 5.9850198e-01 1.2563345e-01 -3.2660799e-01 -1.7105316e-01 1.0496593e+00
1.0000000e+00 -4.8721183e-01 -1.2978704e+00 -4.0102165e-01 -4.4165125e-01 -8.4018340e-01 -1.7571458e-01 -1.7604582e-01 -4.7042099e-01 -5.6511802e-01 -6.7156084e-01
2.0000000e+00 2.4340526e-02 8.8581861e-01 -1.4866699e-02 -1.1614798e-01 -1.0215794e-01 -5.9396852e-01 -5.9376848e-03 3.5499662e-01 -5.8001359e-01 -8.1254659e-01
1.0000000e+00 -5.6491503e-01 -9.8345500e-01 -5.0270107e-01 -5.3779910e-01 -1.0903520e+00 -9.9537013e-02 9.8829869e-02 -3.7059343e-01 -3.7598821e-01 1.2417886e-01
1.0000000e+00 -2.5756670e-01 -9.1243588e-01 -3.1581104e-01 -2.6080043e-01 -1.6817558e+00 -8.4270505e-01 -6.7962786e-01 -9.5733557e-01 -6.0683564e-01 -9.3808629e-01
1.0000000e+00 -6.5226996e-01 -7.5083523e-01 -5.7759322e-01 -6.2890552e-01 -2.5442023e-01 8.6884209e-01 7.9201549e-01 1.2359541e-01 -7.4014231e-01 1.9115351e+00
2.0000000e+00 1.0747710e+00 1.5418565e+00 1.2672935e+00 9.6379697e-01 4.7043093e-01 4.3479410e-01 1.0551561e+00 2.0245748e+00 3.2881601e-01 -2.5129041e-02
1.0000000e+00 -9.6115419e-01 -1.4973667e+00 -9.4836707e-01 -8.0950150e-01 -3.7390285e-02 -5.9233836e-01 -8.4725446e-01 -7.5639352e-01 -4.1504349e-02 -1.6709460e-01
1.0000000e+00 -7.9718582e-01 1.7521426e-01 -8.8364642e-01 -8.1322130e-01 1.3535238e+00 -5.5967037e-01 -1.1594014e+00 -1.6401100e+00 -1.1114130e-01 8.4436621e-01
2.0000000e+00 7.6030699e-01 3.2442767e-01 7.8761238e-01 5.6036540e-01 1.0133325e+00 6.8900771e-01 1.0695243e+00 1.1061512e+00 2.1559210e-01 6.0612834e-01
2.0000000e+00 1.6594743e+00 2.1922259e-01 1.5758304e+00 1.7145808e+00 5.4015211e-01 1.5518568e+00 1.6659281e+00 1.6286109e+00 9.2270833e-01 4.9303114e-01
1.0000000e+00 -5.2459333e-01 1.4807707e-01 -5.4332028e-01 -5.1885868e-01 4.3618720e-01 -3.7671297e-01 -4.9919099e-01 -6.2988073e-01 2.1669603e-01 -5.5053989e-01
1.0000000e+00 -4.0601044e-01 1.0117827e-01 -4.0691707e-01 -3.6121632e-01 -9.3951123e-01 -8.3610258e-01 -7.8679914e-01 -4.6405396e-01 -5.4664538e-01 -8.6995737e-01
1.0000000e+00 -3.9032898e-01 1.2129645e-01 -3.7499383e-01 -3.6646516e-01 2.0105123e-01 -3.8828781e-02 1.1463632e-01 2.9915835e-01 -4.3178167e-01 -3.9356070e-01
1.0000000e+00 -3.4989341e-01 -3.6343439e-01 -3.1937201e-01 -3.8028958e-01 -1.0987234e+00 -7.9053281e-02 -4.3798634e-02 -1.1966042e-01 -8.5614807e-01 -4.6383969e-01
1.0000000e+00 -8.0241850e-01 -9.5487864e-01 -8.2472352e-01 -6.8788925e-01 -1.0562815e+00 -6.9964266e-01 -4.9902066e-01 -1.0704490e+00 -8.5261311e-01 7.7426319e-02
1.0000000e+00 -4.8876450e-01 -2.6836110e-01 -5.4629181e-01 -5.1012236e-01 -4.2201434e-01 -5.4738483e-01 -5.7850506e-01 -9.3556003e-01 -2.5556665e-01 -2.6502700e-01
2.0000000e+00 6.6825169e-01 -1.9043272e-02 9.0804261e-01 5.7820078e-01 1.4477122e+00 1.9016848e+00 2.3012631e+00 9.5503885e-01 3.6545542e-01 1.2214011e+00
1.0000000e+00 -5.6249880e-01 -1.0545014e+00 -6.1297230e-01 -5.2857954e-01 -2.0394639e-01 -7.8353058e-01 -6.5614531e-01 -8.2136078e-01 -8.8073771e-01 -8.0263824e-01
1.0000000e+00 -4.6205884e-01 -8.5791152e-02 -2.9307386e-01 -4.2214054e-01 -1.4921893e+00 9.2898107e-03 -3.5158193e-01 -5.6697422e-01 4.7424745e-01 -4.0323879e-01
1.0000000e+00 -5.9074568e-01 -5.7482827e-01 -6.0346312e-01 -5.2775580e-01 -6.2557754e-01 -4.6018784e-01 -5.5373926e-01 -6.1373948e-01 4.6081090e-02 -3.7107876e-01
1.0000000e+00 -4.0875810e-01 -1.0026843e+00 -4.6124593e-01 -4.5446048e-01 -5.5569431e-01 -1.0830052e+00 -8.4799047e-01 -6.6331703e-01 -2.4827025e-01 -1.0152291e+00
1.0000000e+00 -5.9959088e-01 2.5865524e-01 -5.1447284e-01 -6.1602826e-01 4.2862186e-01 -4.5552719e-01 -5.0675044e-01 -3.6320231e-01 -7.3666203e-01 -1.0190316e-01
1.0000000e+00 8.9723908e-02 -1.0251315e+00 6.7449795e-02 4.1286695e-02 -5.4798380e-01 -5.3865896e-01 -3.5744925e-01 -2.0481585e-01 -3.8312511e-01 -7.2074728e-01
1.0000000e+00 -1.3670601e-01 5.8518197e-01 -3.3524479e-01 -2.6404782e-01 -1.1694015e+00 9.7521499e-02 -3.7141963e-02 -4.7022762e-01 -2.5634008e-01 3.7295580e-01
2.0000000e+00 7.5614876e-01 -1.1598324e-01 6.9301449e-01 6.6326039e-01 4.2418150e-01 4.5921813e-01 1.4840669e-01 9.2072151e-01 4.7001248e-02 -1.3742525e-01
1.0000000e+00 -4.1095053e-01 4.0879394e-01 -4.9734775e-01 -4.4410204e-01 -4.7599668e-01 -4.4972190e-01 -5.7724732e-01 -3.4695411e-01 6.9815211e-01 -7.9208925e-01
1.0000000e+00 -7.4113817e-01 6.4881685e-01 -7.3645654e-01 -6.4800977e-01 -1.7894757e-01 -8.0807147e-01 -6.2478388e-01 -7.0058388e-01 -5.0521645e-01 -5.6260046e-01
1.0000000e+00 -8.0947497e-01 -4.6486285e-02 -8.1185098e-01 -7.0334750e-01 1.2598308e-01 -6.9142641e-01 -7.4458195e-01 -6.4511190e-01 -2.0206076e-01 -2.6774716e-01
1.0000000e+00 -1.2277521e+00 2.8987869e-01 -1.1251867e+00 -9.5158755e-01 -9.1231523e-01 -3.9228114e-01 -2.9156127e-01 -1.1886124e+00 -9.7891466e-01 4.5916917e-01
1.0000000e+00 1.1400959e-02 6.0961094e-01 1.3775078e-02 -5.7845317e-02 -9.1439414e-01 2.0697796e-01 -8.3164290e-03 3.7038132e-03 2.4269870e-01 1.2640329e-02
2.0000000e+00 2.3902768e-01 1.6738304e+00 1.2247604e-01 1.2801484e-01 -5.9222934e-01 -9.0699453e-01 -4.4080768e-01 -5.7956156e-01 6.7096044e-01 -1.1354824e+00
1.0000000e+00 -5.9098721e-01 2.2067957e-01 -5.8848988e-01 -5.7178904e-01 4.9911946e-01 -1.2748435e-01 -6.8617782e-01 -5.3181613e-01 4.2858283e-01 -3.7994497e-01
1.0000000e+00 -7.9102877e-01 1.4935533e+00 -8.4465635e-01 -7.8038243e-01 1.3418188e+00 -7.1904373e-01 -8.2444383e-01 -8.7168338e-01 6.4364058e-01 2.3531310e-01
2.0000000e+00 1.7670575e+00 2.4362994e-01 1.7270401e+00 1.6473957e+00 7.8203542e-01 8.9259812e-01 6.4754821e-01 1.3287595e+00 3.7321405e-01 9.1599175e-01
1.0000000e+00 -5.3231853e-01 -1.3730394e+00 -5.6325729e-01 -5.0382786e-01 -3.1714524e-01 -7.3088275e-01 -8.1025310e-01 -5.7112509e-01 -4.8375829e-01 2.7335054e-01
1.0000000e+00 -6.9353009e-01 6.1938819e-01 -7.1479487e-01 -6.6449869e-01 5.3352619e-02 -8.8446237e-01 -9.8758545e-01 -9.9602666e-01 5.9503119e-02 -5.1778081e-01
1.0000000e+00 -6.0582559e-01 1.8630628e-01 -5.5971157e-01 -5.9039589e-01 -3.4136852e-01 -3.9305455e-01 -2.8968394e-02 -7.0333616e-01 2.6421414e-01 -8.3938679e-02
1.0000000e+00 2.3611002e-01 -6.3224302e-01 4.7202077e-01 2.6152815e-02 4.6892958e-01 1.2346162e+00 5.4553904e-01 3.1823691e-01 5.3580407e-01 8.9036540e-01
1.0000000e+00 -6.8080582e-01 -8.7178392e-01 -6.7603094e-01 -6.5041195e-01 2.9996204e-01 -1.0143905e-01 -2.0347556e-01 1.2459527e-02 -5.4056553e-02 -3.8829455e-01
1.0000000e+00 -3.3966576e-01 -2.1665459e-01 -2.6789352e-01 -3.2995698e-01 -7.3565139e-01 2.4648931e-01 2.3555139e-01 1.7660332e-01 -2.3124989e-01 5.5736293e-02
1.0000000e+00 -4.1389707e-01 1.7136804e-01 -4.7734488e-01 -6.1566830e-01 1.0427602e+00 -5.0868430e-01 -1.0221238e+00 -6.6925600e-01 1.4652735e+00 3.3704515e-01
1.0000000e+00 -1.0087845e+00 4.0657856e-01 -1.0434414e+00 -8.3577656e-01 -7.9553593e-01 -1.1692654e+00 -1.1063921e+00 -1.2741504e+00 -7.6444848e-01 -1.6086089e-01
1.0000000e+00 -7.2433679e-01 -6.1158165e-01 -6.4260830e-01 -7.0603063e-01 8.3427774e-02 3.2268319e-01 1.5739984e-01 -2.9343098e-01 2.4537858e-01 6.6184253e-01
1.0000000e+00 -6.7449570e-01 7.9848747e-01 -6.5558528e-01 -6.5650648e-01 -2.8364327e-01 -5.5035822e-01 -3.6941940e-01 -5.7446017e-01 1.9852493e-01 -4.1769757e-01
1.0000000e+00 -9.1775409e-01 -6.5055320e-01 -9.3514499e-01 -7.5346522e-01 -9.1007798e-01 -1.1822024e+00 -9.2499678e-01 -9.8242436e-01 -6.6330680e-01 -4.8331089e-01
1.0000000e+00 -4.3435522e-01 -5.8323664e-01 -4.5840189e-01 -4.4314441e-01 -7.5348104e-01 -9.6490570e-01 -9.8575771e-01 -9.9497354e-01 -8.7199660e-01 -1.1150772e+00
2.0000000e+00 -1.0434214e-01 1.4728579e-01 4.1818819e-01 -1.1793308e-01 2.0459829e-01 2.3934978e+00 2.3026605e+00 1.6589569e+00 3.6322419e-02 1.1257991e+00
1.0000000e+00 -6.7234034e-01 -1.2801654e-01 -4.2865101e-01 -5.7378528e-01 7.2780163e-01 3.2970931e-01 8.6094640e-02 -3.9438975e-01 -1.3308054e-01 8.4534049e-01
2.0000000e+00 1.0042720e+00 -1.4408547e-01 9.8238606e-01 1.0039687e+00 1.1279126e+00 3.9731365e-01 1.1950617e+00 1.5780256e+00 1.2427905e-01 -1.3969566e-01
2.0000000e+00 1.3833913e+00 9.2494178e-01 1.0818025e+00 1.3209403e+00 3.4072264e-01 7.0040610e-01 7.2137820e-01 9.7024135e-01 3.4987195e-01 6.0852460e-03
1.0000000e+00 -5.0977209e-02 -7.9286948e-01 -2.1608546e-01 -1.6297161e-01 -4.6611512e-01 -5.8721778e-01 -6.6279762e-01 -5.4042222e-01 -6.9612554e-01 -7.6722850e-01
2.0000000e+00 -1.8254970e-01 1.4430362e-01 -1.5432601e-01 -2.1670651e-01 4.5952195e-01 1.3302413e-01 2.0402628e-01 3.6016481e-01 -3.5899834e-01 4.0336827e-01
1.0000000e+00 -2.9112890e-01 -3.2166737e-01 -2.9242069e-01 -3.8824898e-01 -4.0455786e-01 -5.7093164e-01 -8.9212811e-01 -7.8482747e-01 3.5051792e-01 -2.6871336e-01
1.0000000e+00 -6.9530388e-02 -5.8245722e-01 -1.2687705e-01 -1.7365292e-01 -3.6358962e-01 -7.9381741e-01 -6.5515440e-01 -5.1958936e-01 -2.3344702e-01 -5.1643598e-01
1.0000000e+00 -1.4649399e-01 4.2959252e-01 -1.9660690e-01 -2.1462217e-01 -6.6027786e-01 -8.2713462e-01 -9.6299385e-01 -7.6341114e-01 -5.3763783e-01 -7.4596688e-01
1.0000000e+00 -3.3373170e-01 -9.6702770e-01 -3.4713297e-01 -3.1284586e-01 -1.0643455e+00 -9.3263822e-01 -8.7012710e-01 -4.1329340e-01 -1.0397922e+00 -8.5219659e-01
1.0000000e+00 -7.4652699e-01 -1.0974415e-03 -4.5778356e-01 -6.6822001e-01 9.6660654e-02 7.5977348e-01 7.1128417e-01 4.1573650e-01 -8.0438888e-01 5.2924571e-01
2.0000000e+00 7.0739893e-01 1.2860437e+00 6.0288275e-01 6.2839248e-01 -2.6789624e-02 7.0424998e-01 6.9602242e-01 6.7760354e-01 -8.2125246e-01 -5.0268959e-01
1.0000000e+00 -1.6064668e-01 -1.1589733e+00 -2.4649004e-01 -2.4800459e-01 -6.2971798e-01 -8.0610310e-01 -9.7345061e-01 -1.0806967e+00 -1.3904904e+00 -6.5192203e-01
1.0000000e+00 -9.7336671e-01 5.9771343e-01 -9.8391465e-01 -7.9863478e-01 -4.4868324e-01 -1.0043970e+00 -7.9197828e-01 -8.3109144e-01 4.3707043e-01 -4.6030451e-01
2.0000000e+00 5.2502020e-01 -7.6650592e-01 4.5312650e-01 5.2528039e-01 -5.7702376e-01 -3.8736942e-02 3.1161556e-01 2.0404646e-01 -4.4960415e-01 -4.3881517e-01
1.0000000e+00 -6.0127007e-01 6.8082666e-01 -5.8852131e-01 -5.7097927e-01 2.8108874e-01 -3.2703376e-01 -4.1642725e-01 2.3771096e-01 -1.3647385e-01 2.2769137e-01
2.0000000e+00 6.8749352e-01 1.2916065e+00 7.2760641e-01 6.6227401e-01 -5.9963593e-02 3.3023261e-01 9.8312679e-01 6.7297736e-01 -4.1142770e-01 -2.0240892e-01
1.0000000e+00 -1.4750716e-01 -6.4554199e-01 -1.8820102e-01 -1.6204066e-01 -5.0060592e-01 -4.9434219e-01 -4.6538403e-01 -6.5120003e-01 5.5674044e-01 -6.2099168e-01
1.0000000e+00 -1.4222040e-01 2.3410235e-01 -1.0425285e-01 -1.5164147e-01 -9.6054340e-01 -2.3696371e-01 1.8737586e-01 -4.2326167e-01 -9.1030812e-01 -6.0938066e-01
2.0000000e+00 1.6214699e+00 5.2962217e-01 1.5149662e+00 1.6648042e+00 -9.8762293e-02 1.1343922e-01 5.5397302e-01 1.3028443e+00 -1.0685146e+00 -6.7194766e-01
1.0000000e+00 -6.3332520e-01 5.1431113e-01 -5.9401060e-01 -5.7748818e-01 -1.2902051e+00 8.4946690e-01 4.5894705e-01 -1.5114735e-01 -7.6327976e-01 1.0915017e+00
2.0000000e+00 9.4895496e-01 8.2534560e-01 8.2189431e-01 9.4111048e-01 1.0007066e+00 -2.9879029e-01 7.1154459e-01 6.9370694e-01 -6.7538205e-01 -1.0961290e+00
1.0000000e+00 -6.7826860e-01 1.6510973e+00 -6.5178525e-01 -6.0465560e-01 -4.2091188e-01 -3.8961083e-01 -3.7504018e-01 -6.1609948e-01 -6.0877720e-01 -5.6167897e-02
1.0000000e+00 -1.1357298e-01 -1.1863754e+00 -1.3466412e-01 -1.9405707e-01 2.5436247e-01 -5.4265667e-01 -4.7278434e-01 7.5138120e-02 -2.9397959e-01 -2.1224297e-01
1.0000000e+00 -5.5975549e-01 -6.8973148e-01 -5.9989616e-01 -4.9649538e-01 -7.4434210e-01 -8.4917611e-01 -5.9469295e-01 -5.7233943e-01 3.6659640e-03 -6.8301729e-01
1.0000000e+00 -2.3234888e-01 2.1791601e+00 -2.7779516e-01 -2.7880605e-01 -4.4773831e-01 -6.7039444e-01 -8.4172495e-01 -4.7190790e-01 -1.1092577e+00 -3.5967265e-01
1.0000000e+00 -5.6409073e-01 2.2198493e+00 -5.6362515e-01 -5.6024397e-01 3.6743486e-01 -2.5018324e-01 8.0170203e-02 -6.2152174e-01 1.4542840e-01 -4.8089357e-01
1.0000000e+00 -4.5604874e-01 1.0071180e+00 -5.2271995e-01 -4.2294299e-01 -3.9258680e-01 -9.6817270e-01 -6.5421786e-01 -8.0871286e-01 -7.6615787e-01 -8.7353267e-01
1.0000000e+00 -4.1201515e-01 7.9888459e-01 -4.8886283e-01 -4.1582608e-01 -5.6465874e-01 -9.5353213e-01 -9.7478689e-01 -8.4550420e-01 -8.3543522e-01 -1.0687207e+00
1.0000000e+00 -1.0736127e+00 1.5857742e+00 -1.0732033e+00 -8.6914080e-01 -7.5446119e-01 -9.0896228e-01 -8.1967110e-01 -9.7341486e-01 -7.3843684e-01 -5.6602674e-01
2.0000000e+00 1.3717090e+00 1.0488654e+00 1.2347771e+00 1.2603891e+00 6.5468136e-01 -4.0109942e-02 -1.5216513e-02 4.9041132e-01 3.2527444e-02 2.0193737e-01
2.0000000e+00 5.1999380e+00 9.0438352e-01 5.3370323e+00 7.4075145e+00 4.0195411e-01 1.4865367e+00 2.3448246e+00 2.5491542e+00 1.9240309e-02 -3.9285941e-01
1.0000000e+00 -2.4311998e-01 7.5457704e-01 -2.5222103e-01 -2.3921078e-01 -1.2618556e+00 -7.2062442e-01 -5.6069100e-01 -8.6398573e-01 -6.8540942e-01 -9.9666513e-01
1.0000000e+00 -7.4977544e-01 -4.3497762e-01 -7.5034170e-01 -6.5677967e-01 -2.7771634e-01 -6.0280920e-01 -4.9115762e-01 -6.6130151e-01 -1.6484028e-01 -4.2649353e-01
1.0000000e+00 -4.2920920e-01 -5.0163920e-01 -4.9529132e-01 -3.9651960e-01 -6.9479498e-01 -5.9948712e-01 -4.8318896e-01 -4.0536091e-01 -1.1821783e+00 -8.8443390e-01
1.0000000e+00 -2.9062573e-01 -1.8837536e-01 8.9815714e-02 -3.1356393e-01 -7.3466769e-01 1.5370397e+00 1.1608528e+00 3.1897052e-02 -4.9957668e-01 1.3754049e+00
1.0000000e+00 -3.0312549e-01 -1.5840959e-01 -2.3681327e-01 -3.1894053e-01 -1.5983639e-01 3.5978201e-01 5.2500380e-01 -6.0863572e-02 -6.8498449e-01 -2.3471701e-01
1.0000000e+00 -8.5201395e-01 -9.2124274e-02 -8.8084529e-01 -7.8460798e-01 2.1734152e-01 -8.2976174e-01 -8.8106466e-01 -1.2509089e+00 1.8188337e-01 -1.3636154e-01
2.0000000e+00 1.3247493e+00 6.3678800e-01 1.2162259e+00 1.1082326e+00 -2.8337689e-01 1.9163956e+00 1.2889460e+00 1.4840405e+00 -6.1799255e-01 2.1712974e+00
1.0000000e+00 -4.3225428e-01 2.1526702e-01 -3.7732872e-01 -5.3142477e-01 2.0070511e+00 4.7142492e-01 3.2527126e-01 5.5240449e-01 -5.2684334e-02 8.0184425e-01
1.0000000e+00 -8.0948837e-01 1.5390551e-02 -8.2871194e-01 -7.6618930e-01 -2.4362043e-01 -5.8010147e-01 -5.3185276e-01 -6.4260868e-01 6.2821715e-01 1.0175613e-01
1.0000000e+00 -1.4012397e-01 1.9644212e+00 -2.0292040e-01 -3.4383163e-01 -5.6987380e-01 -7.9799260e-01 -8.1008748e-01 -5.1454906e-01 -2.1922120e-01 -5.8808474e-01
1.0000000e+00 -5.5261665e-02 -1.2167786e+00 -6.3046829e-02 -7.9282396e-02 -1.1617427e+00 -2.1132854e-01 -1.6838581e-01 -3.2687199e-01 -6.3213907e-01 -4.8958676e-01
1.0000000e+00 -3.2191672e-01 2.9697803e+00 -4.1702746e-01 -4.0632732e-01 -9.8380928e-01 -1.1941900e+00 -1.1594014e+00 -1.6401100e+00 3.8809931e-02 -5.3925442e-01
1.0000000e+00 -9.1541422e-01 -1.0386581e+00 -8.1717942e-01 -7.6826465e-01 -1.7013697e-01 4.0513028e-01 -1.0250387e-01 -7.3893692e-01 -4.5225511e-01 8.1822976e-01
1.0000000e+00 -5.8035062e-01 -1.0606670e+00 -5.3980732e-01 -5.1177525e-01 -3.7890370e-01 -2.6255326e-01 7.3825274e-03 -4.2690008e-01 -2.5592012e-01 -4.7263867e-01
1.0000000e+00 -4.9658330e-02 6.1864997e-02 3.4780980e-02 -1.3351601e-01 -7.4266201e-01 3.6664556e-01 -2.3401616e-01 3.2374000e-02 -7.4899783e-01 -3.5956294e-01
1.0000000e+00 -3.9983615e-01 -8.0499750e-01 -3.4459118e-01 -3.4028075e-01 -1.6438859e+00 -6.6659516e-01 -7.3553907e-01 -9.4791748e-01 -4.1584882e-01 -6.9445532e-01
1.0000000e+00 -7.5950254e-01 -6.0033424e-01 -7.1162301e-01 -6.6965438e-01 5.2708775e-03 -3.3312832e-01 -6.2781111e-02 -6.5903887e-01 -1.0324544e-01 2.6131108e-01
2.0000000e+00 1.6948228e-01 -2.6531384e-01 4.2580124e-01 1.3426044e-01 4.6548737e-01 1.4880900e+00 1.6123143e+00 1.2489447e+00 9.2811600e-01 6.0066921e-01
1.0000000e+00 -6.1193773e-01 5.0766912e-03 -5.6685231e-01 -5.6103188e-01 -5.3595323e-01 -3.8418643e-01 -6.2389960e-01 -9.4096609e-01 -9.3209716e-01 -3.6515493e-01
1.0000000e+00 -1.0031058e-01 -1.3919312e-01 -2.0654806e-01 -1.6610675e-01 -1.1404731e+00 -8.3488003e-01 -5.9741822e-01 -7.0918703e-01 -9.7731659e-01 -6.6921443e-01
1.0000000e+00 -4.5797325e-01 -1.1942266e+00 -4.7725186e-01 -4.3374520e-01 6.8148847e-02 -1.4291108e-01 -4.7429217e-01 -3.4427608e-02 -7.5382963e-03 2.1472358e-01
1.0000000e+00 -3.2580645e-01 -4.0820155e-01 -3.8663588e-01 -3.3761847e-01 -5.2950335e-01 -7.3237778e-01 -5.0282308e-01 -4.0847998e-01 -6.1375663e-01 -6.4193292e-01
1.0000000e+00 -8.8483022e-02 -1.7461172e+00 -8.3598568e-02 -1.2199426e-01 3.9399197e-01 1.1839621e-01 3.4804653e-01 2.0780449e-01 -5.7383792e-01 -2.4329379e-01
1.0000000e+00 -3.4634073e-01 -4.8158750e-01 1.3383896e-01 -4.1912845e-01 -2.2475898e-01 1.5345270e+00 1.5009477e+00 9.2892697e-01 9.8247878e-01 1.5886009e+00
1.0000000e+00 -1.6058376e-01 -3.2963785e-01 -2.1195248e-01 -1.6781761e-01 -8.9108656e-01 -5.5137927e-01 -3.5345573e-01 -6.7062186e-01 -1.0533264e+00 -1.0939943e+00
2.0000000e+00 1.2272060e+00 3.3498723e-01 1.0853621e+00 1.1900623e+00 3.8076776e-01 5.5942898e-01 1.2043901e+00 1.0679121e+00 7.4708327e-02 -3.7981117e-02
1.0000000e+00 -4.7601422e-01 -5.0185993e-01 -4.8318622e-01 -5.0967070e-01 9.0305613e-01 -5.3390388e-01 -5.3746982e-01 -2.4166167e-01 3.7643377e-02 -8.4532629e-02
2.0000000e+00 2.5361002e-01 -2.7394169e-01 2.2667064e-01 1.8385808e-01 -1.4532516e+00 -3.3511282e-01 -4.5330076e-01 -7.1189676e-01 9.6207222e-01 -8.5781719e-01
1.0000000e+00 -5.4071065e-01 5.3995052e-01 -5.4620777e-01 -4.9311875e-01 -6.5756965e-01 -7.3743882e-01 -7.8696967e-01 -9.6408220e-01 -3.9833846e-01 -3.5492730e-01
1.0000000e+00 6.9165128e-01 -9.6730050e-01 5.5669458e-01 5.9055030e-01 -1.2165567e+00 -9.1453396e-01 -6.7835159e-01 -4.5541783e-01 -1.6263461e+00 -1.2694922e+00
2.0000000e+00 1.1513489e+00 1.6234550e-01 1.1320776e+00 1.0157278e+00 1.7348274e-01 1.3776733e-01 1.5009846e-01 6.7408490e-01 8.9943701e-01 -2.1261330e-01
1.0000000e+00 -4.6371826e-01 -8.4404369e-01 -5.4398463e-01 -4.8686239e-01 -7.1988184e-01 -1.0933501e+00 -1.0317005e+00 -9.7841296e-01 -2.4762682e-01 -2.4911388e-01
1.0000000e+00 -3.1171422e-01 4.0295369e-01 -3.1656437e-01 -3.5089578e-01 -7.6183183e-01 -6.0840951e-01 -8.1275522e-01 -1.0183557e+00 -2.2246470e-01 -5.0140586e-01
1.0000000e+00 -1.5555518e-01 4.7702093e-01 -1.8595186e-01 -1.6782586e-01 -3.4965231e-01 -5.9604997e-01 -3.6400108e-01 -5.8594830e-02 -7.2024374e-01 -8.3296629e-01
1.0000000e+00 -4.7812022e-01 -6.3129472e-01 -4.3933099e-01 -4.6604261e-01 4.2391623e-01 4.5055801e-01 4.0273301e-02 6.8280937e-02 -1.4924462e-01 5.9961782e-01
1.0000000e+00 -6.1253302e-01 -4.8974133e-01 -5.6770954e-01 -5.3432346e-01 -5.9820347e-01 -4.0414960e-01 -5.3528799e-01 -5.1828997e-01 -4.8435487e-01 -5.3014766e-01
2.0000000e+00 1.3261199e+00 -3.9304024e-01 1.1188455e+00 1.2197403e+00 3.4752431e-01 4.1279228e-01 5.1974035e-01 8.4402424e-01 -3.6237906e-01 5.7528697e-01
2.0000000e+00 1.3586505e+00 4.2667004e-01 1.4057607e+00 1.4007351e+00 4.5133653e-01 6.4827881e-01 1.0334331e+00 1.1958788e+00 -5.6088267e-01 7.5792132e-02
1.0000000e+00 8.0378467e-02 -7.0912226e-01 2.4296791e-02 -2.1475160e-02 -5.4135403e-01 -1.1001950e-02 -3.1886677e-01 -5.2470268e-02 -9.6835801e-01 2.3661729e-01
2.0000000e+00 3.7145246e-02 9.8579390e-01 1.0245332e-02 -1.1961402e-01 1.4510918e+00 9.4830535e-01 3.3336207e-01 5.8678636e-01 1.1217766e+00 1.4903972e+00
1.0000000e+00 -5.1400869e-01 -5.3622014e-01 -5.6613826e-01 -5.2207309e-01 1.1313516e+00 -3.2431772e-01 -3.2463332e-01 -3.0352728e-01 5.9838517e-01 -1.6702085e-01
2.0000000e+00 2.9165605e+00 -3.4143106e-01 2.9774930e+00 3.1136523e+00 -3.9505402e-01 5.2637155e-01 5.8817088e-01 1.5371162e+00 -3.1000684e-01 -6.9567480e-01
1.0000000e+00 -8.7053382e-01 -1.0775344e+00 -7.7345176e-01 -8.7402560e-01 2.7400155e+00 1.3172792e+00 -3.1582065e-02 5.1474794e-01 9.6014741e-01 3.1237641e+00
1.0000000e+00 -9.7006801e-01 -7.8686381e-01 -9.3563919e-01 -8.5249515e-01 3.3248661e+00 1.4067027e+00 3.7712097e-01 2.9465000e-01 5.0336058e-01 3.4950112e+00
1.0000000e+00 -6.6475998e-01 -2.7819480e-01 -7.0162326e-01 -6.0891599e-01 3.4305680e-01 -4.4844147e-02 1.8636560e-01 -5.0840086e-01 -1.9575506e-02 3.7462354e-01
1.0000000e+00 -8.7989906e-01 -5.4930143e-01 -8.4950547e-01 -7.5412741e-01 1.6608036e+00 -1.2828960e-01 -5.8956678e-01 -9.5463337e-02 1.7506069e-01 1.9780709e+00
1.0000000e+00 3.9452363e-02 -1.1595221e+00 -8.3823665e-02 4.0006817e-02 3.3935689e-02 -7.3623259e-01 -3.4378673e-01 2.1470638e-01 -7.3305986e-01 -6.6396359e-01
2.0000000e+00 9.7500660e-02 1.3897905e+00 2.7778859e-01 3.1996290e-02 1.3945350e+00 1.4819058e+00 1.3006641e+00 1.2938432e+00 7.5398662e-02 1.0778990e+00
1.0000000e+00 -7.4561709e-01 -1.1430736e+00 -7.2424513e-01 -6.5555191e-01 -7.3746582e-01 2.5913888e-01 -3.7684614e-03 -5.1044762e-02 -4.5743172e-01 8.8185309e-01
1.0000000e+00 -2.0580976e-01 -1.1545720e+00 -2.1447488e-01 -1.8994116e-01 -5.8299017e-01 -9.1870571e-01 -6.7657732e-01 -4.4689829e-01 -6.8275961e-01 -1.1105577e+00
2.0000000e+00 -7.6665153e-02 1.3850646e-01 5.1696474e-02 -1.6318460e-01 5.2276719e-01 4.9465558e-01 6.4339503e-01 8.2480215e-01 5.9846466e-01 1.0182974e+00
1.0000000e+00 9.0366239e-02 -1.2533969e+00 -6.1714187e-03 -3.0848595e-02 -3.3264091e-01 -3.6318988e-01 -8.1358649e-02 -3.3234838e-01 -4.4448453e-01 -7.4192774e-01
2.0000000e+00 1.5477072e-01 1.0090004e-01 9.8614231e-02 8.1659411e-02 -4.4550810e-01 -3.8069022e-01 -5.9866644e-02 -1.8942671e-01 -1.0028040e+00 -7.0032949e-01
1.0000000e+00 -7.2122976e-01 -3.2151530e-01 -7.6974546e-01 -6.4796124e-01 6.0604268e-01 -4.9658030e-01 -4.8766853e-01 -3.8497234e-01 3.7956439e-01 -6.5521421e-01
2.0000000e+00 9.5000505e-01 -4.9551311e-02 8.0081861e-01 9.3351667e-01 3.9747630e-01 2.8610727e-03 4.2030799e-01 5.0446291e-01 -4.7569342e-02 -3.9316729e-01
2.0000000e+00 1.1841537e+00 -1.5653951e-01 1.1876383e+00 1.1205741e+00 9.3566271e-02 2.8530261e-01 4.3767273e-01 6.2639355e-01 -6.0387055e-01 4.2668359e-02
1.0000000e+00 -1.5721205e-01 -1.8287005e-01 -1.3103795e-01 -3.1778511e-01 6.0036304e-01 4.3808647e-01 -6.0293307e-01 4.4749447e-02 -3.9292560e-01 4.8943128e-01
1.0000000e+00 -2.8215759e-01 -5.4392820e-01 -3.2644075e-01 -3.8894155e-01 6.5596742e-01 -2.5687398e-01 -5.5095645e-01 -4.7688454e-01 3.6651234e-01 1.7127636e-01
1.0000000e+00 -9.1268488e-01 -8.9601084e-01 -9.0976877e-01 -8.5293576e-01 2.6709529e+00 1.8759042e-02 -6.1728410e-01 -2.0906311e-01 1.6738489e+00 7.9110661e-01
2.0000000e+00 2.6419811e+00 5.5828627e-02 2.6773386e+00 2.8867976e+00 -4.3740289e-02 1.1438828e+00 9.4690596e-01 1.7443454e+00 2.8576419e-01 5.7446854e-01
1.0000000e+00 -8.9673173e-01 1.8240999e-03 -9.0141582e-01 -7.4088482e-01 -8.9771371e-01 -1.1204969e+00 -1.0551817e+00 -1.2278777e+00 -6.2681250e-01 -3.0360422e-01
1.0000000e+00 -2.2307229e-01 -3.0411455e-02 -2.1827093e-01 -2.8607935e-01 1.8089957e-01 -3.3547349e-02 -3.9404756e-01 6.7875427e-02 -2.2106408e-01 3.7766887e-01
1.0000000e+00 -9.3929712e-01 -4.2637849e-01 -8.7167616e-01 -8.2233124e-01 2.9300533e-01 -2.8506919e-01 -8.0964088e-01 -7.3332234e-01 -8.2470558e-01 4.0133139e-01
1.0000000e+00 -1.3301673e+00 -1.1975293e+00 -1.2470474e+00 -1.0081879e+00 7.3051473e-01 -3.8864518e-01 -5.7250852e-01 -6.8245933e-01 -3.0481395e-01 8.0334469e-01
1.0000000e+00 -3.7369979e-01 -4.3888438e-01 -3.5023263e-01 -3.7058226e-01 4.1106266e-01 -2.2797834e-02 -3.9238921e-01 -2.4638169e-01 -5.7601205e-02 -1.8561588e-01
1.0000000e+00 -6.9993505e-01 -1.3284387e+00 -7.2351108e-01 -5.9183750e-01 -5.6981126e-01 -6.6392787e-01 -6.5268818e-01 -5.5907791e-01 -4.0980560e-01 -6.7742122e-01
1.0000000e+00 3.7975545e-02 -1.7597219e-01 5.2846520e-02 -1.5842605e-01 1.1106224e+00 -1.6257122e-01 3.9016940e-02 9.8642782e-01 -3.3632254e-01 9.1394614e-02
1.0000000e+00 -5.7448719e-01 -1.4226478e+00 -5.8619142e-01 -5.5242080e-01 6.4365487e-01 -5.4297773e-01 -5.4305971e-01 -5.9250183e-01 -2.8997096e-01 -1.0498183e-01
1.0000000e+00 -3.7623627e-01 4.0821844e-01 -3.6015233e-01 -4.8326873e-01 2.4605464e-01 -3.2810101e-01 -5.2792380e-01 -3.4170501e-02 -5.7642526e-01 -1.1627812e-01
1.0000000e+00 -6.7291543e-01 1.9654699e-02 -6.7433819e-01 -6.0297211e-01 2.5609031e-01 -1.2554819e-01 -3.3921639e-01 -7.5605571e-01 -2.1999428e-02 4.6532199e-02
1.0000000e+00 -3.1246328e-01 -9.7246198e-01 -3.6036830e-01 -3.0738818e-01 -5.2939299e-01 -7.4834548e-01 -8.1499145e-01 -7.6218049e-01 -6.7459524e-01 -4.3662127e-01
2.0000000e+00 1.5963893e+00 5.0098668e-01 1.4107368e+00 1.4990609e+00 -6.7877785e-01 2.6929226e-01 4.2480971e-01 9.6991724e-01 9.1087780e-01 -9.1341744e-01
1.0000000e+00 -9.2692163e-01 1.3712997e-01 -8.7759284e-01 -7.7329806e-01 4.3786154e-01 1.0464974e-01 -1.1322708e-01 -1.7211892e-01 -8.5983307e-01 6.1667324e-03
2.0000000e+00 1.5154080e+00 -2.6031312e-02 1.4584800e+00 1.5111385e+00 -1.5958244e-01 5.7772408e-01 8.6472941e-01 1.3551024e+00 4.3598086e-01 -3.0552806e-01
2.0000000e+00 -2.9766870e-01 1.1028487e+00 -1.6490802e-01 -2.7287648e-01 1.5565658e-01 1.1677966e-01 6.4333442e-01 2.6894021e-01 -2.1359869e-01 -1.5365793e-01
1.0000000e+00 -5.8948895e-01 1.2133561e+00 -5.4091568e-01 -6.0797721e-01 1.9442121e+00 6.4794695e-01 -5.4123808e-01 3.6821904e-01 1.3649662e-01 1.0785609e+00
1.0000000e+00 -1.1352450e+00 9.1379908e-01 -1.1630322e+00 -9.7748139e-01 1.6061037e-01 -1.0073944e+00 -1.1594014e+00 -1.6401100e+00 4.8992851e-01 1.1480815e+00
1.0000000e+00 -1.3565898e+00 9.7285475e-01 -1.3574638e+00 -1.0540868e+00 1.1048664e+00 9.3711455e-01 7.9295641e-01 -5.3154341e-01 2.3504930e-01 1.5872610e+00
1.0000000e+00 -6.7420258e-01 -3.6839563e-01 -7.2486282e-01 -6.2947591e-01 6.8138130e-01 2.4974303e-01 2.3649561e-02 -2.5814851e-01 -3.8702120e-01 4.0568883e-01
1.0000000e+00 -1.5258073e-01 6.8735122e-01 7.3251898e-02 -1.6691358e-01 -1.5492536e-01 8.6192431e-01 3.3212477e-01 -6.5754214e-02 2.3340070e-01 6.5999706e-01
1.0000000e+00 -4.8171353e-02 9.3616643e-01 -7.4827484e-02 -1.1355728e-01 -9.5994314e-01 -7.0711500e-01 -5.1479145e-01 -1.3793098e-01 -1.3621051e-01 -6.9652163e-01
1.0000000e+00 -4.2254623e-01 1.5340545e+00 -4.6306815e-01 -4.2242253e-01 -8.2646951e-01 -6.9008391e-01 -6.9899933e-01 -4.6165960e-01 -5.8741117e-01 -9.0532216e-01
1.0000000e+00 -2.6873111e-01 -4.3655603e-02 -2.4089523e-01 -3.0521179e-01 -1.8353476e-01 -1.9328680e-01 -4.9583390e-01 -5.9907601e-01 -8.1238254e-01 1.8620184e-01
1.0000000e+00 -1.8266353e-01 5.6295620e-01 -2.9375540e-01 -2.3251569e-01 -3.8020833e-01 -5.3401890e-01 -6.4381856e-01 -5.7585279e-01 -3.0595989e-01 -6.4532069e-01
1.0000000e+00 -9.4122823e-01 -5.9122101e-01 -9.7403760e-01 -8.0400436e-01 -9.9449944e-02 -1.0349718e+00 -9.3509179e-01 -1.1749015e+00 -2.2867048e-01 -3.7102204e-01
1.0000000e+00 -1.0913948e+00 -5.2485646e-01 -1.0276288e+00 -8.6539805e-01 3.7938224e-01 -1.1260962e-01 -4.0308903e-01 -4.1440006e-01 -1.9676818e-01 6.6966372e-01
1.0000000e+00 -9.2100084e-01 8.7557839e-02 -9.3740636e-01 -8.1464723e-01 -4.0947461e-01 -9.4356682e-01 -6.5378214e-01 -8.4235328e-01 -4.0990270e-01 -6.3539366e-02
1.0000000e+00 -3.9903431e-01 1.1190602e+00 -4.3365375e-01 -5.5158673e-01 -3.8164870e-01 -5.6124372e-01 -8.5442648e-01 -1.0843534e+00 4.5157224e-01 -2.2230175e-01
1.0000000e+00 -7.3439928e-01 1.7336256e-01 -7.7546994e-01 -6.9772768e-01 -7.1256642e-01 -1.0444411e+00 -1.1594014e+00 -1.6401100e+00 -3.8738081e-02 -6.8730153e-01
1.0000000e+00 -7.2765954e-01 5.3584967e-01 -7.1758614e-01 -6.8720038e-01 -7.5647021e-01 -2.0906111e-01 -3.2665342e-01 -5.6688367e-01 7.5661122e-01 1.7868437e-01
1.0000000e+00 -4.9173759e-01 1.4377152e+00 -5.6525324e-01 -4.6511410e-01 -2.5432835e-01 -9.5016069e-01 -7.9067548e-01 -6.7829761e-01 -6.6149173e-01 -9.1750357e-01
1.0000000e+00 -1.0222935e+00 5.7199226e-01 -1.0163146e+00 -8.7808686e-01 1.6831581e-02 -8.0124836e-01 -4.2269561e-01 -7.0657104e-01 2.9129958e-01 5.9381135e-02
1.0000000e+00 -5.1519314e-01 1.3798084e+00 -5.3799124e-01 -4.7261515e-01 -3.4785301e-01 -5.6042537e-01 -7.9282326e-02 -6.9709208e-01 -7.2903354e-01 -6.0839625e-01
1.0000000e+00 -9.6094048e-01 1.7647425e+00 -9.7111829e-01 -8.1239197e-01 5.0095029e-01 -3.1687246e-01 -5.7554459e-02 -1.0910243e-02 -7.1517497e-01 5.1329711e-02
1.0000000e+00 -9.5724870e-01 3.9952384e-01 -9.6598676e-01 -8.1046207e-01 6.5984549e-01 -5.3050205e-01 -1.0761676e+00 -1.0479475e+00 -1.6057858e-01 -4.7230865e-01
1.0000000e+00 -6.8508518e-01 2.1654072e+00 -7.2972161e-01 -7.6826801e-01 -2.1975182e-01 -9.9774437e-01 -1.1594014e+00 -1.6401100e+00 6.9004814e-02 -4.2702315e-01
1.0000000e+00 -2.2694894e-01 2.8361127e-01 -5.8761110e-02 -2.3661419e-01 -1.0218793e+00 7.0386772e-01 5.8387481e-01 1.1031986e-01 -9.4981600e-01 -5.7832877e-02
1.0000000e+00 -7.0949824e-01 2.0036013e+00 -6.4107444e-01 -6.4782605e-01 2.2896668e-03 6.1292464e-02 5.2065321e-01 -1.1215566e-01 -1.1694080e+00 3.1838483e-01
1.0000000e+00 -1.2314941e-01 1.1828397e+00 -7.4575063e-02 -2.3053255e-01 -2.7429951e-02 1.7340126e-02 -5.3172260e-01 1.4103990e-01 -6.7473166e-01 1.2528724e-01
1.0000000e+00 -6.8691061e-01 3.0873998e+00 -7.4700299e-01 -6.4186125e-01 -1.0374279e+00 -1.1662941e+00 -1.1594014e+00 -1.6401100e+00 -1.6608128e+00 -1.0823223e+00
2.0000000e+00 1.5377000e-02 1.8006174e+00 2.8663044e-01 -5.0759590e-02 6.8102620e-02 2.2266409e+00 2.5921471e+00 1.2358342e+00 1.0592086e+00 1.7601481e+00
2.0000000e+00 1.8668754e+00 5.3712217e-01 2.3861484e+00 1.7814693e+00 3.7159101e-01 1.4301375e+00 2.0912660e+00 2.3362286e+00 4.2693579e-01 8.6113645e-01
2.0000000e+00 2.2647533e+00 3.0339922e-01 2.0643103e+00 2.3211145e+00 8.3553061e-01 4.5849294e-02 1.0925994e+00 2.0057645e+00 -9.3705444e-01 -4.9071258e-01
2.0000000e+00 1.5140246e+00 2.1311570e+00 1.3982428e+00 1.5034549e+00 -3.3759410e-01 -1.6080378e-01 3.9393929e-01 9.3530907e-01 -3.1289322e-01 -8.4104844e-01
2.0000000e+00 4.8284603e-01 1.0543522e+00 5.0945639e-01 3.9551885e-01 -6.7647095e-01 3.2444432e-01 2.9472688e-01 3.7733436e-01 -9.3502738e-01 -3.9242312e-01
2.0000000e+00 1.6525053e+00 1.7534903e+00 1.9082181e+00 1.4659638e+00 9.2773128e-01 3.0649027e+00 2.5989444e+00 1.9115242e+00 1.4609703e+00 1.3891293e+00
1.0000000e+00 -1.0965242e+00 7.8969137e-01 -1.1348575e+00 -9.6325137e-01 -1.6405870e+00 -1.1739404e+00 -1.1594014e+00 -1.6401100e+00 -3.8459385e-02 -5.6499769e-01
